0 
1 
2 
3 
4 
5 
6 
7 
8 
9 
10 
11 
12 
13 
14 
15 
16 
17 
18 
19 
20 
21 
22 
23 
24 
25 
26 
27 
28 
29 
30 
31 
32 
33 
34 
35 
36 
37 
38 
39 
40 
41 
42 
43 
44 
45 
46 
47 
48 
49 
50 
51 
52 
53 
54 
55 
56 
57 
58 
59 
60 
61 
62 
63 
12 
19 
21 
57 
0 
22 
27 
57 
4 
10 
19 
43 
18 
55 
45 
2 
14 
28 
47 
30 
47 
62 
25 
44 
13 
63 
42 
30 
8 
19 
17 
50 
48 
30 
44 
20 
21 
10 
4 
48 
52 
34 
44 
36 
57 
1 
28 
9 
51 
52 
61 
12 
38 
63 
59 
49 
9 
59 
14 
4 
30 
63 
47 
10 
22 
41 
4 
3 
57 
54 
43 
49 
44 
25 
44 
29 
62 
34 
22 
60 
45 
1 
11 
8 
25 
58 
45 
14 
0 
25 
9 
60 
18 
24 
50 
37 
16 
2 
36 
14 
35 
12 
9 
60 
50 
7 
60 
0 
19 
39 
45 
20 
56 
9 
57 
40 
30 
25 
25 
30 
57 
28 
25 
28 
29 
53 
24 
28 
47 
51 
60 
4 
45 
7 
17 
59 
57 
22 
29 
48 
59 
58 
2 
53 
43 
0 
0 
20 
63 
9 
0 
60 
4 
16 
10 
12 
11 
43 
20 
48 
9 
28 
26 
51 
4 
7 
52 
7 
46 
34 
50 
27 
35 
23 
63 
41 
41 
30 
44 
63 
30 
52 
42 
19 
56 
61 
60 
9 
25 
48 
30 
39 