0 
1 
2 
3 
4 
5 
6 
7 
8 
9 
10 
11 
12 
13 
14 
15 
16 
17 
18 
19 
20 
21 
22 
23 
24 
25 
26 
27 
28 
29 
30 
31 
32 
33 
34 
35 
36 
37 
38 
39 
40 
41 
42 
43 
44 
45 
46 
47 
48 
49 
50 
51 
52 
53 
54 
55 
56 
57 
58 
59 
60 
61 
62 
63 
64 
65 
66 
67 
68 
69 
70 
71 
72 
73 
74 
75 
76 
77 
78 
79 
80 
81 
82 
83 
84 
85 
86 
87 
88 
89 
90 
91 
92 
93 
94 
95 
96 
97 
98 
99 
100 
101 
102 
103 
104 
105 
106 
107 
108 
109 
110 
111 
112 
113 
114 
115 
116 
117 
118 
119 
120 
121 
122 
123 
124 
125 
126 
127 
128 
129 
130 
131 
132 
133 
134 
135 
136 
137 
138 
139 
140 
141 
142 
143 
144 
145 
146 
147 
148 
149 
150 
151 
152 
153 
154 
155 
156 
157 
158 
159 
160 
161 
162 
163 
164 
165 
166 
167 
168 
169 
170 
171 
172 
173 
174 
175 
176 
177 
178 
179 
180 
181 
182 
183 
184 
185 
186 
187 
188 
189 
190 
191 
192 
193 
194 
195 
196 
197 
198 
199 
200 
201 
202 
203 
204 
205 
206 
207 
208 
209 
210 
211 
212 
213 
214 
215 
216 
217 
218 
219 
220 
221 
222 
223 
224 
225 
226 
227 
228 
229 
230 
231 
232 
233 
234 
235 
236 
237 
238 
239 
240 
241 
242 
243 
244 
245 
246 
247 
248 
249 
250 
251 
252 
253 
254 
255 
210 
87 
36 
175 
253 
215 
246 
92 
107 
226 
84 
247 
18 
22 
244 
84 
109 
203 
234 
132 
213 
192 
133 
107 
245 
94 
198 
171 
183 
206 
207 
250 
87 
154 
142 
146 
149 
140 
230 
70 
131 
30 
185 
42 
48 
54 
216 
62 
104 
37 
185 
255 
28 
100 
94 
247 
130 
34 
235 
213 
242 
155 
227 
205 
118 
45 
237 
107 
254 
131 
52 
149 
116 
139 
57 
163 
24 
27 
187 
107 
242 
23 
81 
226 
41 
61 
53 
52 
38 
198 
28 
180 
211 
61 
118 
48 
109 
110 
0 
28 
124 
140 
188 
170 
28 
175 
232 
199 
44 
61 
238 
20 
77 
40 
181 
154 
211 
171 
52 
105 
207 
0 
143 
205 
188 
10 
74 
218 
238 
138 
151 
71 
64 
203 
41 
250 
163 
167 
162 
203 
45 
20 
18 
123 
249 
53 
24 
78 
144 
12 
17 
45 
52 
202 
72 
90 
153 
186 
133 
121 
16 
146 
69 
130 
110 
46 
185 
136 
196 
87 
82 
108 
251 
228 
63 
72 
176 
150 
177 
124 
133 
206 
26 
220 
37 
211 
187 
11 
69 
60 
144 
85 
146 
39 
174 
227 
179 
84 
40 
54 
11 
245 
6 
243 
28 
32 
1 
38 
150 
102 
76 
153 
161 
217 
176 
200 
10 
239 
244 
75 
151 
192 
101 
62 
32 
227 
188 
249 
57 
230 
217 
253 
146 
178 
210 
93 
0 
18 
139 
57 
193 
227 
68 
22 
26 
37 
79 
180 
204 
127 
218 
48 
38 
162 
37 
55 
188 
55 
114 
20 
216 
215 
33 
180 
47 
238 
44 
80 
253 
205 
33 
73 
105 
84 
221 
15 
180 
179 
23 
48 
109 
186 
211 
173 
149 
107 
89 
243 
105 
8 
136 
130 
133 
142 
206 
127 
176 
199 
223 
130 
24 
219 
218 
138 
46 
99 
80 
175 
93 
237 
8 
248 
199 
207 
152 
7 
198 
27 
67 
128 
62 
22 
110 
232 
200 
180 
6 
7 
41 
225 
194 
218 
254 
10 
111 
151 
61 
104 
30 
219 
122 
78 
161 
204 
174 
21 
222 
153 
146 
110 
99 
85 
128 
48 
148 
18 
204 
92 
174 
125 
216 
107 
241 
153 
12 
225 
16 
198 
191 
108 
155 
78 
200 
140 
81 
85 
221 
133 
105 
235 
3 
218 
223 
200 
20 
103 
244 
127 
77 
14 
147 
163 
28 
205 
41 
133 
151 
16 
217 
6 
189 
174 
212 
67 
247 
133 
88 
49 
193 
172 
248 
16 
223 
229 
206 
154 
27 
176 
208 
252 
77 
89 
19 
221 
185 
38 
41 
38 
20 
73 
133 
242 
36 
203 
189 
136 
139 
51 
48 
68 
202 
44 
252 
223 
138 
1 
176 
68 
118 
60 
194 
45 
127 
206 
243 
48 
42 
203 
14 
11 
11 
6 
130 
246 
13 
114 
147 
83 
205 
66 
64 
28 
247 
14 
109 
38 
246 
149 
230 
253 
142 
112 
98 
44 
118 
28 
172 
151 
207 
249 
188 
170 
243 
52 
14 
28 
150 
7 
175 
90 
224 
235 
20 
79 
139 
57 
61 
189 
198 
61 
102 
94 
218 
241 
67 
132 
82 
181 
182 
61 
113 
13 
242 
225 
194 
75 
163 
238 
211 
232 
62 
205 
18 
193 
65 
243 
191 
207 
127 
98 
124 
234 
170 
207 
91 
174 
252 
8 
194 
150 
142 
0 
88 
50 
164 
21 
11 
53 
204 
91 
66 
85 
192 
176 
105 
110 
244 
185 
192 
176 
222 
138 
134 
38 
220 
254 
162 
122 
48 
202 
155 
74 
0 
249 
37 
130 
199 
228 
55 
36 
223 
217 
85 
123 
32 
154 
147 
182 
163 
37 
1 
53 
60 
15 
70 
204 
73 
78 
158 
120 
193 
135 
247 
225 
94 
41 
1 
235 
151 
117 
145 
32 
44 
215 
37 
246 
57 
18 
180 
36 
202 
229 
12 
81 
168 
13 
110 
77 
200 
59 
65 
11 
160 
81 
198 
17 
144 
223 
91 
250 
203 
45 
98 
125 
120 
49 
30 
246 
6 
176 
163 
188 
142 
164 
161 
127 
214 
21 
106 
110 
252 
181 
203 
167 
148 
140 
77 
153 
57 
79 
91 
206 
20 
6 
40 
128 
122 
64 
105 
62 
151 
222 
97 
52 
66 
178 
157 
68 
172 
250 
203 
206 
48 
136 
5 
28 
20 
162 
2 
225 
150 
177 
10 
148 
247 
104 
253 
203 
144 
61 
159 
165 
47 
85 
105 
191 
18 
64 
206 
138 
3 
247 
105 
64 
177 
183 
233 
145 
232 
54 
234 
60 
211 
28 
181 
160 
167 
176 
16 
227 
40 
194 
142 
71 
56 
219 
116 
178 
142 
11 
87 
43 
218 
53 
134 
104 
61 
214 