0 
1 
2 
3 
4 
5 
6 
7 
8 
9 
10 
11 
12 
13 
14 
15 
16 
17 
18 
19 
20 
21 
22 
23 
24 
25 
26 
27 
28 
29 
30 
31 
32 
33 
34 
35 
36 
37 
38 
39 
40 
41 
42 
43 
44 
45 
46 
47 
48 
49 
50 
51 
52 
53 
54 
55 
56 
57 
58 
59 
60 
61 
62 
63 
64 
65 
66 
67 
68 
69 
70 
71 
72 
73 
74 
75 
76 
77 
78 
79 
80 
81 
82 
83 
84 
85 
86 
87 
88 
89 
90 
91 
92 
93 
94 
95 
96 
97 
98 
99 
100 
101 
102 
103 
104 
105 
106 
107 
108 
109 
110 
111 
112 
113 
114 
115 
116 
117 
118 
119 
120 
121 
122 
123 
124 
125 
126 
127 
128 
129 
130 
131 
132 
133 
134 
135 
136 
137 
138 
139 
140 
141 
142 
143 
144 
145 
146 
147 
148 
149 
150 
151 
152 
153 
154 
155 
156 
157 
158 
159 
160 
161 
162 
163 
164 
165 
166 
167 
168 
169 
170 
171 
172 
173 
174 
175 
176 
177 
178 
179 
180 
181 
182 
183 
184 
185 
186 
187 
188 
189 
190 
191 
192 
193 
194 
195 
196 
197 
198 
199 
200 
201 
202 
203 
204 
205 
206 
207 
208 
209 
210 
211 
212 
213 
214 
215 
216 
217 
218 
219 
220 
221 
222 
223 
224 
225 
226 
227 
228 
229 
230 
231 
232 
233 
234 
235 
236 
237 
238 
239 
240 
241 
242 
243 
244 
245 
246 
247 
248 
249 
250 
251 
252 
253 
254 
255 
256 
257 
258 
259 
260 
261 
262 
263 
264 
265 
266 
267 
268 
269 
270 
271 
272 
273 
274 
275 
276 
277 
278 
279 
280 
281 
282 
283 
284 
285 
286 
287 
288 
289 
290 
291 
292 
293 
294 
295 
296 
297 
298 
299 
300 
301 
302 
303 
304 
305 
306 
307 
308 
309 
310 
311 
312 
313 
314 
315 
316 
317 
318 
319 
320 
321 
322 
323 
324 
325 
326 
327 
328 
329 
330 
331 
332 
333 
334 
335 
336 
337 
338 
339 
340 
341 
342 
343 
344 
345 
346 
347 
348 
349 
350 
351 
352 
353 
354 
355 
356 
357 
358 
359 
360 
361 
362 
363 
364 
365 
366 
367 
368 
369 
370 
371 
372 
373 
374 
375 
376 
377 
378 
379 
380 
381 
382 
383 
384 
385 
386 
387 
388 
389 
390 
391 
392 
393 
394 
395 
396 
397 
398 
399 
400 
401 
402 
403 
404 
405 
406 
407 
408 
409 
410 
411 
412 
413 
414 
415 
416 
417 
418 
419 
420 
421 
422 
423 
424 
425 
426 
427 
428 
429 
430 
431 
432 
433 
434 
435 
436 
437 
438 
439 
440 
441 
442 
443 
444 
445 
446 
447 
448 
449 
450 
451 
452 
453 
454 
455 
456 
457 
458 
459 
460 
461 
462 
463 
464 
465 
466 
467 
468 
469 
470 
471 
472 
473 
474 
475 
476 
477 
478 
479 
480 
481 
482 
483 
484 
485 
486 
487 
488 
489 
490 
491 
492 
493 
494 
495 
496 
497 
498 
499 
500 
501 
502 
503 
504 
505 
506 
507 
508 
509 
510 
511 
512 
513 
514 
515 
516 
517 
518 
519 
520 
521 
522 
523 
524 
525 
526 
527 
528 
529 
530 
531 
532 
533 
534 
535 
536 
537 
538 
539 
540 
541 
542 
543 
544 
545 
546 
547 
548 
549 
550 
551 
552 
553 
554 
555 
556 
557 
558 
559 
560 
561 
562 
563 
564 
565 
566 
567 
568 
569 
570 
571 
572 
573 
574 
575 
576 
577 
578 
579 
580 
581 
582 
583 
584 
585 
586 
587 
588 
589 
590 
591 
592 
593 
594 
595 
596 
597 
598 
599 
600 
601 
602 
603 
604 
605 
606 
607 
608 
609 
610 
611 
612 
613 
614 
615 
616 
617 
618 
619 
620 
621 
622 
623 
624 
625 
626 
627 
628 
629 
630 
631 
632 
633 
634 
635 
636 
637 
638 
639 
640 
641 
642 
643 
644 
645 
646 
647 
648 
649 
650 
651 
652 
653 
654 
655 
656 
657 
658 
659 
660 
661 
662 
663 
664 
665 
666 
667 
668 
669 
670 
671 
672 
673 
674 
675 
676 
677 
678 
679 
680 
681 
682 
683 
684 
685 
686 
687 
688 
689 
690 
691 
692 
693 
694 
695 
696 
697 
698 
699 
700 
701 
702 
703 
704 
705 
706 
707 
708 
709 
710 
711 
712 
713 
714 
715 
716 
717 
718 
719 
720 
721 
722 
723 
724 
725 
726 
727 
728 
729 
730 
731 
732 
733 
734 
735 
736 
737 
738 
739 
740 
741 
742 
743 
744 
745 
746 
747 
748 
749 
750 
751 
752 
753 
754 
755 
756 
757 
758 
759 
760 
761 
762 
763 
764 
765 
766 
767 
768 
769 
770 
771 
772 
773 
774 
775 
776 
777 
778 
779 
780 
781 
782 
783 
784 
785 
786 
787 
788 
789 
790 
791 
792 
793 
794 
795 
796 
797 
798 
799 
800 
801 
802 
803 
804 
805 
806 
807 
808 
809 
810 
811 
812 
813 
814 
815 
816 
817 
818 
819 
820 
821 
822 
823 
824 
825 
826 
827 
828 
829 
830 
831 
832 
833 
834 
835 
836 
837 
838 
839 
840 
841 
842 
843 
844 
845 
846 
847 
848 
849 
850 
851 
852 
853 
854 
855 
856 
857 
858 
859 
860 
861 
862 
863 
864 
865 
866 
867 
868 
869 
870 
871 
872 
873 
874 
875 
876 
877 
878 
879 
880 
881 
882 
883 
884 
885 
886 
887 
888 
889 
890 
891 
892 
893 
894 
895 
896 
897 
898 
899 
900 
901 
902 
903 
904 
905 
906 
907 
908 
909 
910 
911 
912 
913 
914 
915 
916 
917 
918 
919 
920 
921 
922 
923 
924 
925 
926 
927 
928 
929 
930 
931 
932 
933 
934 
935 
936 
937 
938 
939 
940 
941 
942 
943 
944 
945 
946 
947 
948 
949 
950 
951 
952 
953 
954 
955 
956 
957 
958 
959 
960 
961 
962 
963 
964 
965 
966 
967 
968 
969 
970 
971 
972 
973 
974 
975 
976 
977 
978 
979 
980 
981 
982 
983 
984 
985 
986 
987 
988 
989 
990 
991 
992 
993 
994 
995 
996 
997 
998 
999 
1000 
1001 
1002 
1003 
1004 
1005 
1006 
1007 
1008 
1009 
1010 
1011 
1012 
1013 
1014 
1015 
1016 
1017 
1018 
1019 
1020 
1021 
1022 
1023 
699 
207 
414 
153 
1019 
893 
349 
331 
114 
621 
480 
82 
179 
549 
630 
770 
623 
183 
457 
955 
337 
414 
331 
153 
155 
427 
38 
625 
390 
564 
407 
827 
465 
552 
741 
268 
537 
838 
723 
538 
833 
102 
675 
191 
185 
812 
834 
470 
539 
657 
693 
922 
803 
716 
597 
317 
35 
583 
776 
182 
614 
242 
658 
198 
208 
723 
1015 
661 
454 
18 
660 
432 
679 
687 
361 
795 
28 
1019 
89 
333 
247 
393 
507 
543 
508 
358 
814 
112 
924 
812 
941 
279 
1001 
924 
622 
192 
564 
611 
572 
584 
426 
126 
883 
387 
553 
615 
292 
675 
625 
249 
653 
104 
592 
996 
616 
7 
591 
11 
49 
608 
863 
208 
386 
601 
440 
523 
27 
889 
465 
264 
426 
6 
28 
169 
608 
559 
795 
274 
793 
1006 
965 
652 
120 
150 
764 
241 
75 
842 
557 
511 
198 
838 
804 
234 
470 
511 
817 
179 
672 
799 
256 
530 
397 
660 
822 
991 
408 
464 
471 
69 
334 
410 
1008 
977 
59 
877 
760 
1001 
225 
253 
521 
46 
269 
386 
457 
33 
978 
97 
273 
245 
950 
959 
333 
881 
569 
5 
121 
169 
819 
451 
417 
739 
126 
455 
879 
558 
895 
463 
61 
774 
681 
900 
976 
893 
824 
960 
981 
837 
691 
413 
36 
707 
189 
254 
686 
254 
625 
936 
419 
882 
240 
690 
712 
484 
978 
330 
936 
576 
800 
754 
837 
993 
903 
658 
801 
814 
918 
75 
399 
339 
591 
721 
211 
669 
180 
550 
879 
395 
580 
713 
120 
131 
603 
131 
585 
721 
575 
293 
727 
925 
565 
1005 
561 
1022 
284 
649 
583 
569 
935 
800 
686 
132 
328 
563 
268 
132 
859 
338 
169 
172 
845 
462 
192 
892 
835 
604 
632 
523 
648 
260 
602 
25 
741 
861 
517 
800 
367 
925 
261 
19 
978 
388 
642 
667 
196 
543 
139 
481 
910 
514 
285 
981 
396 
24 
577 
991 
743 
179 
628 
732 
281 
714 
967 
904 
771 
170 
780 
424 
359 
35 
151 
947 
913 
408 
692 
61 
314 
141 
366 
32 
11 
228 
29 
195 
678 
769 
918 
858 
75 
701 
347 
672 
326 
647 
945 
464 
288 
379 
840 
640 
518 
427 
701 
523 
546 
752 
111 
951 
702 
812 
586 
731 
889 
149 
446 
520 
129 
1013 
113 
633 
718 
556 
885 
482 
711 
578 
190 
377 
150 
597 
570 
202 
732 
682 
897 
536 
691 
801 
686 
763 
570 
337 
947 
495 
47 
376 
552 
903 
917 
109 
557 
365 
680 
448 
36 
326 
792 
151 
126 
747 
310 
206 
714 
683 
638 
575 
264 
80 
121 
615 
627 
95 
966 
3 
676 
101 
834 
821 
240 
1009 
629 
310 
460 
879 
0 
811 
790 
380 
968 
693 
504 
271 
111 
167 
61 
331 
409 
839 
91 
716 
117 
180 
904 
627 
814 
103 
43 
530 
800 
853 
303 
504 
176 
225 
632 
113 
266 
261 
153 
96 
905 
150 
739 
393 
1003 
367 
24 
90 
26 
624 
274 
330 
586 
399 
1019 
984 
400 
387 
606 
746 
903 
194 
555 
724 
495 
631 
222 
299 
787 
477 
679 
722 
77 
667 
718 
176 
677 
62 
587 
569 
222 
8 
517 
992 
712 
626 
494 
725 
523 
816 
560 
866 
816 
697 
554 
155 
892 
694 
816 
943 
461 
196 
800 
870 
265 
645 
549 
436 
335 
833 
963 
631 
417 
138 
809 
508 
860 
112 
66 
192 
403 
858 
126 
370 
66 
775 
686 
692 
661 
455 
211 
247 
66 
779 
51 
240 
644 
770 
502 
334 
523 
704 
376 
718 
783 
62 
932 
598 
549 
191 
178 
121 
821 
538 
281 
58 
909 
6 
141 
665 
91 
973 
414 
850 
848 
363 
475 
174 
7 
495 
746 
967 
606 
270 
277 
692 
853 
670 
475 
536 
801 
308 
952 
468 
199 
176 
770 
653 
92 
903 
163 
29 
320 
577 
395 
551 
640 
6 
323 
981 
601 
369 
644 
413 
72 
292 
139 
963 
113 
380 
716 
117 
373 
531 
108 
706 
597 
689 
393 
581 
363 
499 
265 
805 
661 
228 
721 
710 
1002 
757 
746 
500 
324 
1006 
987 
378 
237 
164 
275 
529 
893 
844 
231 
503 
623 
733 
905 
298 
831 
767 
27 
530 
338 
455 
887 
49 
606 
852 
329 
599 
411 
296 
850 
421 
802 
533 
853 
290 
280 
562 
325 
780 
287 
128 
326 
798 
451 
312 
352 
778 
297 
825 
542 
175 
137 
977 
747 
382 
902 
600 
817 
823 
640 
205 
472 
421 
769 
54 
1006 
816 
443 
417 
966 
378 
925 
551 
477 
3 
136 
645 
804 
298 
40 
862 
192 
333 
652 
792 
202 
147 
652 
728 
623 
860 
448 
345 
378 
109 
100 
177 
352 
408 
349 
91 
975 
794 
301 
8 
11 
950 
617 
108 
300 
512 
386 
829 
572 
925 
66 
612 
644 
265 
895 
509 
60 
656 
547 
914 
406 
406 
638 
502 
327 
427 
83 
91 
996 
208 
733 
151 
843 
292 
525 
620 
564 
790 
908 
873 
185 
889 
896 
334 
184 
329 
254 
134 
484 
267 
354 
459 
501 
646 
857 
811 
966 
807 
691 
731 
633 
363 
112 
765 
832 
999 
351 
498 
508 
158 
129 
653 
442 
1002 
197 
451 
310 
626 
834 
219 
342 
86 
875 
112 
580 
897 
71 
54 
993 
216 
950 
969 
210 
190 
320 
554 
232 
783 
894 
188 
816 
149 
606 
558 
281 
865 
98 
607 
585 
975 
741 
928 
1004 
409 
1004 
74 
657 
155 
439 
275 
276 
311 
604 
909 
959 
181 
575 
797 
301 
815 
129 
781 
225 
397 
827 
990 
932 
638 
924 
398 
95 
714 
93 
602 
633 
424 
1002 
240 
243 
909 
180 
196 
298 
320 
275 
511 
295 
416 
140 
391 
75 
523 
408 
632 
401 
116 
17 
821 
938 
816 
541 
717 
284 
335 
928 
883 
621 
752 
174 
466 
465 
142 
889 
1002 
147 
85 
642 
284 
531 
57 
281 
991 
920 
470 
963 
507 
522 
429 
580 
192 
375 
360 
215 
780 
357 
706 
640 
598 
525 
105 
627 
495 
881 
287 
812 
399 
265 
902 
924 
566 
3 
875 
257 
864 
746 
245 
311 
418 
153 
95 
955 
265 
200 
860 
889 
689 
297 
665 
149 
825 
800 
474 
651 
1006 
417 
537 
860 
456 
932 
16 
302 
578 
640 
192 
871 
465 
488 
211 
991 
162 
26 
756 
822 
234 
938 
129 
662 
753 
723 
975 
670 
210 
876 
8 
807 
270 
847 
691 
84 
110 
863 
857 
212 
420 
216 
416 
1015 
82 
673 
963 
554 
440 
724 
49 
1018 
339 
792 
586 
560 
620 
941 
117 
379 
172 
343 
520 
941 
51 
645 
827 
767 
925 
201 
660 
680 
707 
753 
625 
786 
694 
280 
714 
819 
427 
503 
218 
815 
839 
108 
25 
333 
421 
438 
1010 
1022 
143 
932 
110 
41 
850 
368 
898 
330 
318 
309 
884 
220 
709 
812 
816 
802 
655 
970 
580 
8 
964 
598 
107 
484 
145 
329 
439 
222 
949 
889 
933 
936 
29 
858 
266 
111 
166 
948 
699 
925 
356 
614 
693 
450 
936 
246 
327 
191 
666 
74 
145 
501 
892 
294 
949 
174 
599 
987 
276 
382 
955 
560 
371 
873 
171 
978 
970 
317 
602 
867 
862 
389 
661 
67 
137 
875 
693 
724 
1009 
837 
245 
858 
483 
783 
75 
581 
593 
828 
939 
150 
106 
986 
227 
590 
136 
627 
435 
641 
249 
60 
834 
536 
388 
713 
26 
346 
603 
7 
380 
779 
111 
849 
896 
884 
21 
760 
558 
431 
606 
82 
973 
354 
514 
254 
590 
201 
578 
779 
779 
995 
965 
188 
166 
672 
124 
607 
312 
950 
837 
362 
722 
485 
622 
476 
828 
985 
878 
918 
1003 
505 
819 
795 
205 
872 
260 
675 
859 
503 
812 
117 
628 
341 
43 
647 
851 
433 
665 
334 
889 
125 
514 
47 
794 
123 
138 
668 
339 
902 
790 
992 
207 
591 
426 
249 
660 
121 
147 
882 
262 
760 
307 
695 
744 
873 
22 
844 
686 
822 
594 
396 
394 
779 
901 
481 
297 
111 
80 
978 
855 
415 
762 
260 
292 
610 
117 
655 
219 
436 
510 
701 
185 
328 
115 
925 
438 
135 
592 
913 
396 
654 
501 
67 
630 
472 
1002 
409 
834 
977 
615 
309 
820 
63 
513 
726 
903 
93 
444 
721 
335 
907 
646 
9 
741 
867 
98 
864 
547 
32 
108 
567 
981 
193 
314 
813 
454 
695 
250 
527 
317 
280 
97 
166 
970 
1001 
909 
511 
613 
660 
286 
174 
644 
666 
56 
115 
517 
650 
408 
829 
144 
319 
639 
176 
970 
97 
407 
647 
412 
375 
62 
608 
470 
426 
623 
32 
386 
275 
150 
181 
338 
675 
356 
469 
931 
788 
122 
941 
397 
476 
753 
20 
952 
82 
251 
81 
655 
985 
177 
70 
638 
100 
968 
936 
266 
533 
933 
1002 
913 
673 
17 
926 
64 
450 
981 
195 
1007 
598 
253 
86 
889 
336 
941 
112 
104 
591 
869 
543 
767 
876 
731 
180 
640 
355 
137 
320 
421 
915 
823 
698 
609 
787 
743 
327 
895 
295 
881 
65 
1015 
209 
386 
204 
971 
621 
590 
74 
201 
666 
676 
293 
21 
535 
554 
164 
339 
416 
71 
608 
805 
721 
811 
134 
100 
153 
33 
964 
772 
458 
786 
889 
507 
1015 
559 
676 
462 
600 
712 
269 
115 
606 
687 
1010 
644 
874 
763 
135 
369 
815 
702 
855 
552 
249 
80 
694 
176 
263 
153 
706 
711 
462 
702 
204 
14 
67 
491 
738 
296 
565 
307 
490 
33 
666 
590 
189 
3 
80 
111 
788 
528 
1022 
257 
432 
100 
878 
956 
995 
440 
645 
359 
806 
615 
438 
164 
699 
617 
111 
424 
794 
268 
234 
669 
470 
848 
51 
1015 
124 
318 
996 
231 
475 
385 
534 
401 
257 
153 
29 
433 
993 
672 
326 
609 
943 
658 
115 
476 
138 
235 
477 
1001 
652 
19 
779 
674 
294 
856 
621 
545 
195 
853 
65 
393 
558 
507 
980 
718 
101 
903 
184 
852 
302 
298 
601 
549 
676 
549 
725 
501 
354 
93 
485 
341 
267 
536 
113 
689 
330 
196 
150 
750 
182 
44 
586 
271 
838 
834 
351 
246 
370 
7 
38 
261 
916 
903 
518 
878 
427 
457 
691 
276 
783 
730 
237 
12 
474 
505 
529 
719 
776 
803 
264 
200 
458 
1007 
793 
214 
865 
718 
444 
191 
14 
7 
468 
974 
608 
241 
903 
655 
774 
511 
233 
156 
764 
505 
752 
858 
12 
518 
623 
491 
33 
265 
649 
929 
182 
371 
175 
744 
444 
298 
1007 
971 
252 
224 
963 
1000 
148 
975 
941 
724 
188 
198 
797 
172 
830 
439 
61 
560 
134 
687 
698 
668 
221 
286 
553 
13 
602 
948 
363 
554 
916 
400 
786 
262 
15 
313 
669 
516 
822 
852 
863 
372 
835 
176 
126 
518 
902 
54 
78 
726 
255 
609 
277 
822 
511 
388 
819 
980 
387 
194 
527 
622 
690 
764 
916 
260 
140 
641 
66 
628 
823 
963 
317 
596 
11 
978 
461 
848 
711 
385 
699 
217 
457 
910 
479 
126 
881 
456 
345 
19 
41 
866 
331 
241 
223 
337 
4 
355 
449 
46 
125 
772 
805 
820 
640 
64 
413 
287 
1013 
104 
794 
906 
17 
513 
176 
422 
409 
324 
876 
438 
245 
800 
426 
774 
456 
979 
709 
686 
207 
933 
998 
66 
92 
503 
650 
460 
396 
698 
484 
801 
638 
443 
26 
353 
522 
767 
21 
876 
520 
598 
935 
641 
6 
314 
287 
630 
602 
993 
854 
147 
310 
600 
537 
884 
521 
582 
624 
674 
962 
328 
834 
992 
624 
1005 
559 
632 
888 
176 
564 
637 
885 
888 
7 
942 
509 
80 
318 
455 
658 
363 
200 
672 
150 
839 
645 
909 
864 
978 
217 
966 
739 
405 
1016 
410 
860 
290 
869 
16 
468 
599 
309 
298 
14 
203 
556 
584 
735 
812 
572 
912 
1 
315 
822 
991 
507 
96 
100 
84 
169 
693 
143 
188 
853 
58 
542 
955 
401 
463 
7 
20 
176 
434 
695 
457 
404 
660 
91 
913 
85 
346 
750 
571 
835 
422 
268 
185 
160 
278 
465 
694 
643 
628 
600 
376 
954 
407 
667 
399 
429 
915 
261 
484 
388 
281 
273 
1010 
403 
737 
297 
520 
122 
302 
104 
912 
802 
301 
906 
474 
250 
674 
901 
1015 
525 
88 
507 
838 
286 
275 
407 
67 
689 
862 
327 
935 
296 
701 
632 
750 
525 
125 
821 
520 
17 
645 
93 
405 
614 
361 
790 
930 
670 
958 
260 
611 
204 
519 
392 
164 
117 
28 
783 
375 
429 
5 
398 
453 
800 
54 
177 
763 
695 
655 
728 
561 
832 
45 
815 
156 
704 
250 
44 
763 
334 
200 
188 
118 
774 
563 
868 
907 
997 
9 
321 
666 
361 
230 
52 
545 
410 
499 
992 
145 
691 
520 
897 
433 
156 
860 
72 
606 
1012 
453 
540 
327 
290 
195 
679 
375 
426 
840 
686 
912 
910 
575 
298 
205 
849 
407 
918 
754 
468 
811 
351 
590 
857 
191 
848 
266 
427 
285 
192 
660 
82 
219 
555 
830 
69 
545 
708 
660 
560 
872 
1018 
412 
1015 
945 
295 
543 
301 
1015 
552 
190 
480 
139 
559 
443 
34 
534 
391 
89 
842 
451 
137 
553 
812 
378 
691 
100 
648 
84 
631 
691 
254 
21 
215 
539 
549 
890 
513 
70 
866 
268 
143 
108 
261 
693 
594 
43 
466 
493 
833 
934 
717 
287 
1013 
763 
658 
834 
266 
706 
717 
126 
8 
151 
999 
170 
220 
754 
334 
860 
110 
374 
192 
856 
176 
294 
214 
822 
232 
746 
303 
1020 
651 
40 
844 
767 
491 
797 
642 
326 
549 
491 
249 
706 
261 
733 
186 
985 
178 
190 
68 
118 
647 
246 
780 
72 
830 
782 
256 
210 
827 
497 
266 
947 
559 
92 
334 
381 
269 
533 
535 
235 
44 
947 
315 
347 
904 
942 
25 
589 
166 
344 
875 
258 
632 
322 
438 
108 
687 
372 
823 
558 
183 
848 
277 
376 
733 
311 
137 
486 
524 
36 
323 
704 
82 
762 
975 
614 
987 
971 
269 
611 
811 
917 
273 
306 
640 
507 
174 
626 
156 
581 
357 
237 
875 
294 
620 
831 
990 
294 
128 
903 
661 
167 
645 
508 
228 
711 
22 
146 
230 
156 
412 
135 
611 
278 
447 
719 
959 
139 
521 
177 
631 
713 
837 
917 
939 
596 
518 
806 
765 
212 
870 
488 
565 
254 
802 
813 
136 
930 
239 
70 
854 
334 
33 
436 
815 
520 
300 
781 
173 
361 
397 
800 
281 
382 
993 
932 
116 
714 
289 
934 
421 
819 
514 
885 
372 
422 
721 
551 
491 
16 
490 
36 
660 
488 
61 
608 
824 
816 
53 
279 
503 
816 
649 
881 
183 
968 
646 
546 
32 
122 
875 
536 
986 
857 
198 
795 
503 
863 
779 
511 
950 
672 
271 
236 
941 
925 
923 
543 
578 
749 
850 
798 
333 
693 
808 
84 
686 
652 
717 
224 
448 
774 
423 
62 
943 
109 
802 
419 
289 
219 
718 
403 
34 
565 
909 
802 
567 
247 
38 
385 
849 
718 
203 
30 
831 
343 
692 
161 
224 
640 
386 
61 
137 
272 
575 
968 
489 
864 
552 
141 
897 
209 
930 
527 
736 
1002 
64 
641 
645 
295 
973 
71 
7 
928 
105 
385 
484 
74 
514 
509 
773 
207 
726 
158 
523 
371 
102 
3 
838 
908 
722 
951 
208 
464 
121 
819 
401 
568 
788 
244 
950 
4 
264 
333 
798 
963 
263 
191 
266 
166 
462 
334 
455 
437 
895 
990 
330 
311 
225 
851 
831 
480 
68 
590 
420 
984 
141 
337 
594 
64 
719 
975 
577 
93 
299 
956 
849 
924 
181 
683 
389 
206 
477 
752 
660 
995 
811 
963 
950 
546 
586 
111 
5 
1000 
560 
709 
593 
848 
833 
982 
503 
600 
594 
508 
573 
951 
112 
909 
429 
743 
188 
499 
573 
68 
313 
248 
195 
111 
568 
427 
750 
835 
293 
4 
509 
403 
241 
323 
956 
309 
120 
805 
479 
11 
387 
551 
420 
123 
450 
698 
525 
723 
788 
746 
19 
354 
286 
570 
54 
791 
996 
543 
66 
573 
777 
208 
774 
507 
333 
440 
871 
143 
1006 
303 
113 
544 
634 
33 
284 
760 
565 
630 
770 
11 
984 
101 
507 
691 
738 
340 
909 
268 
343 
347 
141 
102 
350 
869 
14 
598 
420 
601 
543 
711 
52 
237 
6 
12 
319 
859 
255 
533 
128 
507 
536 
924 
499 
287 
499 
518 
89 
128 
862 
253 
935 
570 
818 
74 
691 
490 
520 
262 
86 
781 
956 
891 
142 
873 
389 
175 
689 
302 
722 
408 
669 
661 
172 
512 
234 
918 
99 
751 
358 
101 
187 
575 
277 
178 
509 
560 
648 
818 
830 
418 
800 
986 
479 
960 
199 
785 
812 
829 
667 
978 
1012 
621 
63 
962 
370 
864 
337 
281 
669 
451 
482 
427 
694 
912 
351 
166 
658 
443 
425 
749 
69 
891 
275 
415 
438 
280 
743 
91 
702 
909 
714 
917 
299 
986 
106 
619 
34 
426 
698 
100 
878 
772 
385 
159 
81 
459 
134 
425 
246 
811 
610 
996 
511 
829 
351 
480 
702 
191 
959 
709 
129 
280 
167 
415 
932 
495 
621 
432 
968 
602 
251 
396 
811 
467 
146 
567 
770 
327 
211 
559 
827 
379 
563 
354 
952 
552 
693 
58 
382 
200 
162 
106 
724 
904 
808 
286 
258 
93 
714 
15 
484 
361 
226 
371 
897 
686 
164 
1014 
269 
593 
981 
952 
967 
547 
625 
399 
945 
905 
73 
581 
808 
646 
463 
140 
692 
234 
929 
794 
177 
803 
285 
13 
800 
315 
291 
203 
235 
621 
197 
454 
442 
594 
560 
629 
753 
513 
413 
520 
957 
1001 
451 
12 
711 
416 
53 
27 
218 
158 
318 
348 
842 
615 
949 
121 
72 
1002 
837 
338 
320 
282 
268 
415 
144 
510 
368 
693 
833 
84 
541 
354 
832 
47 
892 
353 
719 
543 
235 
409 
654 
121 
978 
948 
521 
410 
400 
694 
836 
206 
260 
890 
186 
787 
232 
624 
112 
801 
128 
262 
527 
980 
166 
197 
120 
239 
328 
9 
1003 
837 
433 
624 
985 
755 
747 
22 
496 
266 
484 
1002 
942 
133 
4 
186 
51 
777 
838 
184 
536 
958 
246 
232 
195 
311 
543 
934 
706 
221 
1009 
411 
47 
826 
950 
183 
330 
549 
426 
513 
171 
279 
356 
608 
7 
448 
404 
339 
957 
274 
28 
28 
380 
764 
186 
895 
619 
708 
328 
850 
719 
265 
763 
724 
308 
420 
777 
967 
853 
836 
473 
231 
264 
208 
834 
318 
66 
571 
786 
284 
470 
134 
680 
493 
521 
219 
722 
74 
790 
272 