0 
1 
2 
3 
4 
5 
6 
7 
8 
9 
10 
11 
12 
13 
14 
15 
16 
17 
18 
19 
20 
21 
22 
23 
24 
25 
26 
27 
28 
29 
30 
31 
32 
33 
34 
35 
36 
37 
38 
39 
40 
41 
42 
43 
44 
45 
46 
47 
48 
49 
50 
51 
52 
53 
54 
55 
56 
57 
58 
59 
60 
61 
62 
63 
64 
65 
66 
67 
68 
69 
70 
71 
72 
73 
74 
75 
76 
77 
78 
79 
80 
81 
82 
83 
84 
85 
86 
87 
88 
89 
90 
91 
92 
93 
94 
95 
96 
97 
98 
99 
100 
101 
102 
103 
104 
105 
106 
107 
108 
109 
110 
111 
112 
113 
114 
115 
116 
117 
118 
119 
120 
121 
122 
123 
124 
125 
126 
127 
128 
129 
130 
131 
132 
133 
134 
135 
136 
137 
138 
139 
140 
141 
142 
143 
144 
145 
146 
147 
148 
149 
150 
151 
152 
153 
154 
155 
156 
157 
158 
159 
160 
161 
162 
163 
164 
165 
166 
167 
168 
169 
170 
171 
172 
173 
174 
175 
176 
177 
178 
179 
180 
181 
182 
183 
184 
185 
186 
187 
188 
189 
190 
191 
192 
193 
194 
195 
196 
197 
198 
199 
200 
201 
202 
203 
204 
205 
206 
207 
208 
209 
210 
211 
212 
213 
214 
215 
216 
217 
218 
219 
220 
221 
222 
223 
224 
225 
226 
227 
228 
229 
230 
231 
232 
233 
234 
235 
236 
237 
238 
239 
240 
241 
242 
243 
244 
245 
246 
247 
248 
249 
250 
251 
252 
253 
254 
255 
256 
257 
258 
259 
260 
261 
262 
263 
264 
265 
266 
267 
268 
269 
270 
271 
272 
273 
274 
275 
276 
277 
278 
279 
280 
281 
282 
283 
284 
285 
286 
287 
288 
289 
290 
291 
292 
293 
294 
295 
296 
297 
298 
299 
300 
301 
302 
303 
304 
305 
306 
307 
308 
309 
310 
311 
312 
313 
314 
315 
316 
317 
318 
319 
320 
321 
322 
323 
324 
325 
326 
327 
328 
329 
330 
331 
332 
333 
334 
335 
336 
337 
338 
339 
340 
341 
342 
343 
344 
345 
346 
347 
348 
349 
350 
351 
352 
353 
354 
355 
356 
357 
358 
359 
360 
361 
362 
363 
364 
365 
366 
367 
368 
369 
370 
371 
372 
373 
374 
375 
376 
377 
378 
379 
380 
381 
382 
383 
384 
385 
386 
387 
388 
389 
390 
391 
392 
393 
394 
395 
396 
397 
398 
399 
400 
401 
402 
403 
404 
405 
406 
407 
408 
409 
410 
411 
412 
413 
414 
415 
416 
417 
418 
419 
420 
421 
422 
423 
424 
425 
426 
427 
428 
429 
430 
431 
432 
433 
434 
435 
436 
437 
438 
439 
440 
441 
442 
443 
444 
445 
446 
447 
448 
449 
450 
451 
452 
453 
454 
455 
456 
457 
458 
459 
460 
461 
462 
463 
464 
465 
466 
467 
468 
469 
470 
471 
472 
473 
474 
475 
476 
477 
478 
479 
480 
481 
482 
483 
484 
485 
486 
487 
488 
489 
490 
491 
492 
493 
494 
495 
496 
497 
498 
499 
500 
501 
502 
503 
504 
505 
506 
507 
508 
509 
510 
511 
512 
513 
514 
515 
516 
517 
518 
519 
520 
521 
522 
523 
524 
525 
526 
527 
528 
529 
530 
531 
532 
533 
534 
535 
536 
537 
538 
539 
540 
541 
542 
543 
544 
545 
546 
547 
548 
549 
550 
551 
552 
553 
554 
555 
556 
557 
558 
559 
560 
561 
562 
563 
564 
565 
566 
567 
568 
569 
570 
571 
572 
573 
574 
575 
576 
577 
578 
579 
580 
581 
582 
583 
584 
585 
586 
587 
588 
589 
590 
591 
592 
593 
594 
595 
596 
597 
598 
599 
600 
601 
602 
603 
604 
605 
606 
607 
608 
609 
610 
611 
612 
613 
614 
615 
616 
617 
618 
619 
620 
621 
622 
623 
624 
625 
626 
627 
628 
629 
630 
631 
632 
633 
634 
635 
636 
637 
638 
639 
640 
641 
642 
643 
644 
645 
646 
647 
648 
649 
650 
651 
652 
653 
654 
655 
656 
657 
658 
659 
660 
661 
662 
663 
664 
665 
666 
667 
668 
669 
670 
671 
672 
673 
674 
675 
676 
677 
678 
679 
680 
681 
682 
683 
684 
685 
686 
687 
688 
689 
690 
691 
692 
693 
694 
695 
696 
697 
698 
699 
700 
701 
702 
703 
704 
705 
706 
707 
708 
709 
710 
711 
712 
713 
714 
715 
716 
717 
718 
719 
720 
721 
722 
723 
724 
725 
726 
727 
728 
729 
730 
731 
732 
733 
734 
735 
736 
737 
738 
739 
740 
741 
742 
743 
744 
745 
746 
747 
748 
749 
750 
751 
752 
753 
754 
755 
756 
757 
758 
759 
760 
761 
762 
763 
764 
765 
766 
767 
768 
769 
770 
771 
772 
773 
774 
775 
776 
777 
778 
779 
780 
781 
782 
783 
784 
785 
786 
787 
788 
789 
790 
791 
792 
793 
794 
795 
796 
797 
798 
799 
800 
801 
802 
803 
804 
805 
806 
807 
808 
809 
810 
811 
812 
813 
814 
815 
816 
817 
818 
819 
820 
821 
822 
823 
824 
825 
826 
827 
828 
829 
830 
831 
832 
833 
834 
835 
836 
837 
838 
839 
840 
841 
842 
843 
844 
845 
846 
847 
848 
849 
850 
851 
852 
853 
854 
855 
856 
857 
858 
859 
860 
861 
862 
863 
864 
865 
866 
867 
868 
869 
870 
871 
872 
873 
874 
875 
876 
877 
878 
879 
880 
881 
882 
883 
884 
885 
886 
887 
888 
889 
890 
891 
892 
893 
894 
895 
896 
897 
898 
899 
900 
901 
902 
903 
904 
905 
906 
907 
908 
909 
910 
911 
912 
913 
914 
915 
916 
917 
918 
919 
920 
921 
922 
923 
924 
925 
926 
927 
928 
929 
930 
931 
932 
933 
934 
935 
936 
937 
938 
939 
940 
941 
942 
943 
944 
945 
946 
947 
948 
949 
950 
951 
952 
953 
954 
955 
956 
957 
958 
959 
960 
961 
962 
963 
964 
965 
966 
967 
968 
969 
970 
971 
972 
973 
974 
975 
976 
977 
978 
979 
980 
981 
982 
983 
984 
985 
986 
987 
988 
989 
990 
991 
992 
993 
994 
995 
996 
997 
998 
999 
1000 
1001 
1002 
1003 
1004 
1005 
1006 
1007 
1008 
1009 
1010 
1011 
1012 
1013 
1014 
1015 
1016 
1017 
1018 
1019 
1020 
1021 
1022 
1023 
1024 
1025 
1026 
1027 
1028 
1029 
1030 
1031 
1032 
1033 
1034 
1035 
1036 
1037 
1038 
1039 
1040 
1041 
1042 
1043 
1044 
1045 
1046 
1047 
1048 
1049 
1050 
1051 
1052 
1053 
1054 
1055 
1056 
1057 
1058 
1059 
1060 
1061 
1062 
1063 
1064 
1065 
1066 
1067 
1068 
1069 
1070 
1071 
1072 
1073 
1074 
1075 
1076 
1077 
1078 
1079 
1080 
1081 
1082 
1083 
1084 
1085 
1086 
1087 
1088 
1089 
1090 
1091 
1092 
1093 
1094 
1095 
1096 
1097 
1098 
1099 
1100 
1101 
1102 
1103 
1104 
1105 
1106 
1107 
1108 
1109 
1110 
1111 
1112 
1113 
1114 
1115 
1116 
1117 
1118 
1119 
1120 
1121 
1122 
1123 
1124 
1125 
1126 
1127 
1128 
1129 
1130 
1131 
1132 
1133 
1134 
1135 
1136 
1137 
1138 
1139 
1140 
1141 
1142 
1143 
1144 
1145 
1146 
1147 
1148 
1149 
1150 
1151 
1152 
1153 
1154 
1155 
1156 
1157 
1158 
1159 
1160 
1161 
1162 
1163 
1164 
1165 
1166 
1167 
1168 
1169 
1170 
1171 
1172 
1173 
1174 
1175 
1176 
1177 
1178 
1179 
1180 
1181 
1182 
1183 
1184 
1185 
1186 
1187 
1188 
1189 
1190 
1191 
1192 
1193 
1194 
1195 
1196 
1197 
1198 
1199 
1200 
1201 
1202 
1203 
1204 
1205 
1206 
1207 
1208 
1209 
1210 
1211 
1212 
1213 
1214 
1215 
1216 
1217 
1218 
1219 
1220 
1221 
1222 
1223 
1224 
1225 
1226 
1227 
1228 
1229 
1230 
1231 
1232 
1233 
1234 
1235 
1236 
1237 
1238 
1239 
1240 
1241 
1242 
1243 
1244 
1245 
1246 
1247 
1248 
1249 
1250 
1251 
1252 
1253 
1254 
1255 
1256 
1257 
1258 
1259 
1260 
1261 
1262 
1263 
1264 
1265 
1266 
1267 
1268 
1269 
1270 
1271 
1272 
1273 
1274 
1275 
1276 
1277 
1278 
1279 
1280 
1281 
1282 
1283 
1284 
1285 
1286 
1287 
1288 
1289 
1290 
1291 
1292 
1293 
1294 
1295 
1296 
1297 
1298 
1299 
1300 
1301 
1302 
1303 
1304 
1305 
1306 
1307 
1308 
1309 
1310 
1311 
1312 
1313 
1314 
1315 
1316 
1317 
1318 
1319 
1320 
1321 
1322 
1323 
1324 
1325 
1326 
1327 
1328 
1329 
1330 
1331 
1332 
1333 
1334 
1335 
1336 
1337 
1338 
1339 
1340 
1341 
1342 
1343 
1344 
1345 
1346 
1347 
1348 
1349 
1350 
1351 
1352 
1353 
1354 
1355 
1356 
1357 
1358 
1359 
1360 
1361 
1362 
1363 
1364 
1365 
1366 
1367 
1368 
1369 
1370 
1371 
1372 
1373 
1374 
1375 
1376 
1377 
1378 
1379 
1380 
1381 
1382 
1383 
1384 
1385 
1386 
1387 
1388 
1389 
1390 
1391 
1392 
1393 
1394 
1395 
1396 
1397 
1398 
1399 
1400 
1401 
1402 
1403 
1404 
1405 
1406 
1407 
1408 
1409 
1410 
1411 
1412 
1413 
1414 
1415 
1416 
1417 
1418 
1419 
1420 
1421 
1422 
1423 
1424 
1425 
1426 
1427 
1428 
1429 
1430 
1431 
1432 
1433 
1434 
1435 
1436 
1437 
1438 
1439 
1440 
1441 
1442 
1443 
1444 
1445 
1446 
1447 
1448 
1449 
1450 
1451 
1452 
1453 
1454 
1455 
1456 
1457 
1458 
1459 
1460 
1461 
1462 
1463 
1464 
1465 
1466 
1467 
1468 
1469 
1470 
1471 
1472 
1473 
1474 
1475 
1476 
1477 
1478 
1479 
1480 
1481 
1482 
1483 
1484 
1485 
1486 
1487 
1488 
1489 
1490 
1491 
1492 
1493 
1494 
1495 
1496 
1497 
1498 
1499 
1500 
1501 
1502 
1503 
1504 
1505 
1506 
1507 
1508 
1509 
1510 
1511 
1512 
1513 
1514 
1515 
1516 
1517 
1518 
1519 
1520 
1521 
1522 
1523 
1524 
1525 
1526 
1527 
1528 
1529 
1530 
1531 
1532 
1533 
1534 
1535 
1536 
1537 
1538 
1539 
1540 
1541 
1542 
1543 
1544 
1545 
1546 
1547 
1548 
1549 
1550 
1551 
1552 
1553 
1554 
1555 
1556 
1557 
1558 
1559 
1560 
1561 
1562 
1563 
1564 
1565 
1566 
1567 
1568 
1569 
1570 
1571 
1572 
1573 
1574 
1575 
1576 
1577 
1578 
1579 
1580 
1581 
1582 
1583 
1584 
1585 
1586 
1587 
1588 
1589 
1590 
1591 
1592 
1593 
1594 
1595 
1596 
1597 
1598 
1599 
1600 
1601 
1602 
1603 
1604 
1605 
1606 
1607 
1608 
1609 
1610 
1611 
1612 
1613 
1614 
1615 
1616 
1617 
1618 
1619 
1620 
1621 
1622 
1623 
1624 
1625 
1626 
1627 
1628 
1629 
1630 
1631 
1632 
1633 
1634 
1635 
1636 
1637 
1638 
1639 
1640 
1641 
1642 
1643 
1644 
1645 
1646 
1647 
1648 
1649 
1650 
1651 
1652 
1653 
1654 
1655 
1656 
1657 
1658 
1659 
1660 
1661 
1662 
1663 
1664 
1665 
1666 
1667 
1668 
1669 
1670 
1671 
1672 
1673 
1674 
1675 
1676 
1677 
1678 
1679 
1680 
1681 
1682 
1683 
1684 
1685 
1686 
1687 
1688 
1689 
1690 
1691 
1692 
1693 
1694 
1695 
1696 
1697 
1698 
1699 
1700 
1701 
1702 
1703 
1704 
1705 
1706 
1707 
1708 
1709 
1710 
1711 
1712 
1713 
1714 
1715 
1716 
1717 
1718 
1719 
1720 
1721 
1722 
1723 
1724 
1725 
1726 
1727 
1728 
1729 
1730 
1731 
1732 
1733 
1734 
1735 
1736 
1737 
1738 
1739 
1740 
1741 
1742 
1743 
1744 
1745 
1746 
1747 
1748 
1749 
1750 
1751 
1752 
1753 
1754 
1755 
1756 
1757 
1758 
1759 
1760 
1761 
1762 
1763 
1764 
1765 
1766 
1767 
1768 
1769 
1770 
1771 
1772 
1773 
1774 
1775 
1776 
1777 
1778 
1779 
1780 
1781 
1782 
1783 
1784 
1785 
1786 
1787 
1788 
1789 
1790 
1791 
1792 
1793 
1794 
1795 
1796 
1797 
1798 
1799 
1800 
1801 
1802 
1803 
1804 
1805 
1806 
1807 
1808 
1809 
1810 
1811 
1812 
1813 
1814 
1815 
1816 
1817 
1818 
1819 
1820 
1821 
1822 
1823 
1824 
1825 
1826 
1827 
1828 
1829 
1830 
1831 
1832 
1833 
1834 
1835 
1836 
1837 
1838 
1839 
1840 
1841 
1842 
1843 
1844 
1845 
1846 
1847 
1848 
1849 
1850 
1851 
1852 
1853 
1854 
1855 
1856 
1857 
1858 
1859 
1860 
1861 
1862 
1863 
1864 
1865 
1866 
1867 
1868 
1869 
1870 
1871 
1872 
1873 
1874 
1875 
1876 
1877 
1878 
1879 
1880 
1881 
1882 
1883 
1884 
1885 
1886 
1887 
1888 
1889 
1890 
1891 
1892 
1893 
1894 
1895 
1896 
1897 
1898 
1899 
1900 
1901 
1902 
1903 
1904 
1905 
1906 
1907 
1908 
1909 
1910 
1911 
1912 
1913 
1914 
1915 
1916 
1917 
1918 
1919 
1920 
1921 
1922 
1923 
1924 
1925 
1926 
1927 
1928 
1929 
1930 
1931 
1932 
1933 
1934 
1935 
1936 
1937 
1938 
1939 
1940 
1941 
1942 
1943 
1944 
1945 
1946 
1947 
1948 
1949 
1950 
1951 
1952 
1953 
1954 
1955 
1956 
1957 
1958 
1959 
1960 
1961 
1962 
1963 
1964 
1965 
1966 
1967 
1968 
1969 
1970 
1971 
1972 
1973 
1974 
1975 
1976 
1977 
1978 
1979 
1980 
1981 
1982 
1983 
1984 
1985 
1986 
1987 
1988 
1989 
1990 
1991 
1992 
1993 
1994 
1995 
1996 
1997 
1998 
1999 
2000 
2001 
2002 
2003 
2004 
2005 
2006 
2007 
2008 
2009 
2010 
2011 
2012 
2013 
2014 
2015 
2016 
2017 
2018 
2019 
2020 
2021 
2022 
2023 
2024 
2025 
2026 
2027 
2028 
2029 
2030 
2031 
2032 
2033 
2034 
2035 
2036 
2037 
2038 
2039 
2040 
2041 
2042 
2043 
2044 
2045 
2046 
2047 
2048 
2049 
2050 
2051 
2052 
2053 
2054 
2055 
2056 
2057 
2058 
2059 
2060 
2061 
2062 
2063 
2064 
2065 
2066 
2067 
2068 
2069 
2070 
2071 
2072 
2073 
2074 
2075 
2076 
2077 
2078 
2079 
2080 
2081 
2082 
2083 
2084 
2085 
2086 
2087 
2088 
2089 
2090 
2091 
2092 
2093 
2094 
2095 
2096 
2097 
2098 
2099 
2100 
2101 
2102 
2103 
2104 
2105 
2106 
2107 
2108 
2109 
2110 
2111 
2112 
2113 
2114 
2115 
2116 
2117 
2118 
2119 
2120 
2121 
2122 
2123 
2124 
2125 
2126 
2127 
2128 
2129 
2130 
2131 
2132 
2133 
2134 
2135 
2136 
2137 
2138 
2139 
2140 
2141 
2142 
2143 
2144 
2145 
2146 
2147 
2148 
2149 
2150 
2151 
2152 
2153 
2154 
2155 
2156 
2157 
2158 
2159 
2160 
2161 
2162 
2163 
2164 
2165 
2166 
2167 
2168 
2169 
2170 
2171 
2172 
2173 
2174 
2175 
2176 
2177 
2178 
2179 
2180 
2181 
2182 
2183 
2184 
2185 
2186 
2187 
2188 
2189 
2190 
2191 
2192 
2193 
2194 
2195 
2196 
2197 
2198 
2199 
2200 
2201 
2202 
2203 
2204 
2205 
2206 
2207 
2208 
2209 
2210 
2211 
2212 
2213 
2214 
2215 
2216 
2217 
2218 
2219 
2220 
2221 
2222 
2223 
2224 
2225 
2226 
2227 
2228 
2229 
2230 
2231 
2232 
2233 
2234 
2235 
2236 
2237 
2238 
2239 
2240 
2241 
2242 
2243 
2244 
2245 
2246 
2247 
2248 
2249 
2250 
2251 
2252 
2253 
2254 
2255 
2256 
2257 
2258 
2259 
2260 
2261 
2262 
2263 
2264 
2265 
2266 
2267 
2268 
2269 
2270 
2271 
2272 
2273 
2274 
2275 
2276 
2277 
2278 
2279 
2280 
2281 
2282 
2283 
2284 
2285 
2286 
2287 
2288 
2289 
2290 
2291 
2292 
2293 
2294 
2295 
2296 
2297 
2298 
2299 
2300 
2301 
2302 
2303 
2304 
2305 
2306 
2307 
2308 
2309 
2310 
2311 
2312 
2313 
2314 
2315 
2316 
2317 
2318 
2319 
2320 
2321 
2322 
2323 
2324 
2325 
2326 
2327 
2328 
2329 
2330 
2331 
2332 
2333 
2334 
2335 
2336 
2337 
2338 
2339 
2340 
2341 
2342 
2343 
2344 
2345 
2346 
2347 
2348 
2349 
2350 
2351 
2352 
2353 
2354 
2355 
2356 
2357 
2358 
2359 
2360 
2361 
2362 
2363 
2364 
2365 
2366 
2367 
2368 
2369 
2370 
2371 
2372 
2373 
2374 
2375 
2376 
2377 
2378 
2379 
2380 
2381 
2382 
2383 
2384 
2385 
2386 
2387 
2388 
2389 
2390 
2391 
2392 
2393 
2394 
2395 
2396 
2397 
2398 
2399 
2400 
2401 
2402 
2403 
2404 
2405 
2406 
2407 
2408 
2409 
2410 
2411 
2412 
2413 
2414 
2415 
2416 
2417 
2418 
2419 
2420 
2421 
2422 
2423 
2424 
2425 
2426 
2427 
2428 
2429 
2430 
2431 
2432 
2433 
2434 
2435 
2436 
2437 
2438 
2439 
2440 
2441 
2442 
2443 
2444 
2445 
2446 
2447 
2448 
2449 
2450 
2451 
2452 
2453 
2454 
2455 
2456 
2457 
2458 
2459 
2460 
2461 
2462 
2463 
2464 
2465 
2466 
2467 
2468 
2469 
2470 
2471 
2472 
2473 
2474 
2475 
2476 
2477 
2478 
2479 
2480 
2481 
2482 
2483 
2484 
2485 
2486 
2487 
2488 
2489 
2490 
2491 
2492 
2493 
2494 
2495 
2496 
2497 
2498 
2499 
2500 
2501 
2502 
2503 
2504 
2505 
2506 
2507 
2508 
2509 
2510 
2511 
2512 
2513 
2514 
2515 
2516 
2517 
2518 
2519 
2520 
2521 
2522 
2523 
2524 
2525 
2526 
2527 
2528 
2529 
2530 
2531 
2532 
2533 
2534 
2535 
2536 
2537 
2538 
2539 
2540 
2541 
2542 
2543 
2544 
2545 
2546 
2547 
2548 
2549 
2550 
2551 
2552 
2553 
2554 
2555 
2556 
2557 
2558 
2559 
2560 
2561 
2562 
2563 
2564 
2565 
2566 
2567 
2568 
2569 
2570 
2571 
2572 
2573 
2574 
2575 
2576 
2577 
2578 
2579 
2580 
2581 
2582 
2583 
2584 
2585 
2586 
2587 
2588 
2589 
2590 
2591 
2592 
2593 
2594 
2595 
2596 
2597 
2598 
2599 
2600 
2601 
2602 
2603 
2604 
2605 
2606 
2607 
2608 
2609 
2610 
2611 
2612 
2613 
2614 
2615 
2616 
2617 
2618 
2619 
2620 
2621 
2622 
2623 
2624 
2625 
2626 
2627 
2628 
2629 
2630 
2631 
2632 
2633 
2634 
2635 
2636 
2637 
2638 
2639 
2640 
2641 
2642 
2643 
2644 
2645 
2646 
2647 
2648 
2649 
2650 
2651 
2652 
2653 
2654 
2655 
2656 
2657 
2658 
2659 
2660 
2661 
2662 
2663 
2664 
2665 
2666 
2667 
2668 
2669 
2670 
2671 
2672 
2673 
2674 
2675 
2676 
2677 
2678 
2679 
2680 
2681 
2682 
2683 
2684 
2685 
2686 
2687 
2688 
2689 
2690 
2691 
2692 
2693 
2694 
2695 
2696 
2697 
2698 
2699 
2700 
2701 
2702 
2703 
2704 
2705 
2706 
2707 
2708 
2709 
2710 
2711 
2712 
2713 
2714 
2715 
2716 
2717 
2718 
2719 
2720 
2721 
2722 
2723 
2724 
2725 
2726 
2727 
2728 
2729 
2730 
2731 
2732 
2733 
2734 
2735 
2736 
2737 
2738 
2739 
2740 
2741 
2742 
2743 
2744 
2745 
2746 
2747 
2748 
2749 
2750 
2751 
2752 
2753 
2754 
2755 
2756 
2757 
2758 
2759 
2760 
2761 
2762 
2763 
2764 
2765 
2766 
2767 
2768 
2769 
2770 
2771 
2772 
2773 
2774 
2775 
2776 
2777 
2778 
2779 
2780 
2781 
2782 
2783 
2784 
2785 
2786 
2787 
2788 
2789 
2790 
2791 
2792 
2793 
2794 
2795 
2796 
2797 
2798 
2799 
2800 
2801 
2802 
2803 
2804 
2805 
2806 
2807 
2808 
2809 
2810 
2811 
2812 
2813 
2814 
2815 
2816 
2817 
2818 
2819 
2820 
2821 
2822 
2823 
2824 
2825 
2826 
2827 
2828 
2829 
2830 
2831 
2832 
2833 
2834 
2835 
2836 
2837 
2838 
2839 
2840 
2841 
2842 
2843 
2844 
2845 
2846 
2847 
2848 
2849 
2850 
2851 
2852 
2853 
2854 
2855 
2856 
2857 
2858 
2859 
2860 
2861 
2862 
2863 
2864 
2865 
2866 
2867 
2868 
2869 
2870 
2871 
2872 
2873 
2874 
2875 
2876 
2877 
2878 
2879 
2880 
2881 
2882 
2883 
2884 
2885 
2886 
2887 
2888 
2889 
2890 
2891 
2892 
2893 
2894 
2895 
2896 
2897 
2898 
2899 
2900 
2901 
2902 
2903 
2904 
2905 
2906 
2907 
2908 
2909 
2910 
2911 
2912 
2913 
2914 
2915 
2916 
2917 
2918 
2919 
2920 
2921 
2922 
2923 
2924 
2925 
2926 
2927 
2928 
2929 
2930 
2931 
2932 
2933 
2934 
2935 
2936 
2937 
2938 
2939 
2940 
2941 
2942 
2943 
2944 
2945 
2946 
2947 
2948 
2949 
2950 
2951 
2952 
2953 
2954 
2955 
2956 
2957 
2958 
2959 
2960 
2961 
2962 
2963 
2964 
2965 
2966 
2967 
2968 
2969 
2970 
2971 
2972 
2973 
2974 
2975 
2976 
2977 
2978 
2979 
2980 
2981 
2982 
2983 
2984 
2985 
2986 
2987 
2988 
2989 
2990 
2991 
2992 
2993 
2994 
2995 
2996 
2997 
2998 
2999 
3000 
3001 
3002 
3003 
3004 
3005 
3006 
3007 
3008 
3009 
3010 
3011 
3012 
3013 
3014 
3015 
3016 
3017 
3018 
3019 
3020 
3021 
3022 
3023 
3024 
3025 
3026 
3027 
3028 
3029 
3030 
3031 
3032 
3033 
3034 
3035 
3036 
3037 
3038 
3039 
3040 
3041 
3042 
3043 
3044 
3045 
3046 
3047 
3048 
3049 
3050 
3051 
3052 
3053 
3054 
3055 
3056 
3057 
3058 
3059 
3060 
3061 
3062 
3063 
3064 
3065 
3066 
3067 
3068 
3069 
3070 
3071 
3072 
3073 
3074 
3075 
3076 
3077 
3078 
3079 
3080 
3081 
3082 
3083 
3084 
3085 
3086 
3087 
3088 
3089 
3090 
3091 
3092 
3093 
3094 
3095 
3096 
3097 
3098 
3099 
3100 
3101 
3102 
3103 
3104 
3105 
3106 
3107 
3108 
3109 
3110 
3111 
3112 
3113 
3114 
3115 
3116 
3117 
3118 
3119 
3120 
3121 
3122 
3123 
3124 
3125 
3126 
3127 
3128 
3129 
3130 
3131 
3132 
3133 
3134 
3135 
3136 
3137 
3138 
3139 
3140 
3141 
3142 
3143 
3144 
3145 
3146 
3147 
3148 
3149 
3150 
3151 
3152 
3153 
3154 
3155 
3156 
3157 
3158 
3159 
3160 
3161 
3162 
3163 
3164 
3165 
3166 
3167 
3168 
3169 
3170 
3171 
3172 
3173 
3174 
3175 
3176 
3177 
3178 
3179 
3180 
3181 
3182 
3183 
3184 
3185 
3186 
3187 
3188 
3189 
3190 
3191 
3192 
3193 
3194 
3195 
3196 
3197 
3198 
3199 
3200 
3201 
3202 
3203 
3204 
3205 
3206 
3207 
3208 
3209 
3210 
3211 
3212 
3213 
3214 
3215 
3216 
3217 
3218 
3219 
3220 
3221 
3222 
3223 
3224 
3225 
3226 
3227 
3228 
3229 
3230 
3231 
3232 
3233 
3234 
3235 
3236 
3237 
3238 
3239 
3240 
3241 
3242 
3243 
3244 
3245 
3246 
3247 
3248 
3249 
3250 
3251 
3252 
3253 
3254 
3255 
3256 
3257 
3258 
3259 
3260 
3261 
3262 
3263 
3264 
3265 
3266 
3267 
3268 
3269 
3270 
3271 
3272 
3273 
3274 
3275 
3276 
3277 
3278 
3279 
3280 
3281 
3282 
3283 
3284 
3285 
3286 
3287 
3288 
3289 
3290 
3291 
3292 
3293 
3294 
3295 
3296 
3297 
3298 
3299 
3300 
3301 
3302 
3303 
3304 
3305 
3306 
3307 
3308 
3309 
3310 
3311 
3312 
3313 
3314 
3315 
3316 
3317 
3318 
3319 
3320 
3321 
3322 
3323 
3324 
3325 
3326 
3327 
3328 
3329 
3330 
3331 
3332 
3333 
3334 
3335 
3336 
3337 
3338 
3339 
3340 
3341 
3342 
3343 
3344 
3345 
3346 
3347 
3348 
3349 
3350 
3351 
3352 
3353 
3354 
3355 
3356 
3357 
3358 
3359 
3360 
3361 
3362 
3363 
3364 
3365 
3366 
3367 
3368 
3369 
3370 
3371 
3372 
3373 
3374 
3375 
3376 
3377 
3378 
3379 
3380 
3381 
3382 
3383 
3384 
3385 
3386 
3387 
3388 
3389 
3390 
3391 
3392 
3393 
3394 
3395 
3396 
3397 
3398 
3399 
3400 
3401 
3402 
3403 
3404 
3405 
3406 
3407 
3408 
3409 
3410 
3411 
3412 
3413 
3414 
3415 
3416 
3417 
3418 
3419 
3420 
3421 
3422 
3423 
3424 
3425 
3426 
3427 
3428 
3429 
3430 
3431 
3432 
3433 
3434 
3435 
3436 
3437 
3438 
3439 
3440 
3441 
3442 
3443 
3444 
3445 
3446 
3447 
3448 
3449 
3450 
3451 
3452 
3453 
3454 
3455 
3456 
3457 
3458 
3459 
3460 
3461 
3462 
3463 
3464 
3465 
3466 
3467 
3468 
3469 
3470 
3471 
3472 
3473 
3474 
3475 
3476 
3477 
3478 
3479 
3480 
3481 
3482 
3483 
3484 
3485 
3486 
3487 
3488 
3489 
3490 
3491 
3492 
3493 
3494 
3495 
3496 
3497 
3498 
3499 
3500 
3501 
3502 
3503 
3504 
3505 
3506 
3507 
3508 
3509 
3510 
3511 
3512 
3513 
3514 
3515 
3516 
3517 
3518 
3519 
3520 
3521 
3522 
3523 
3524 
3525 
3526 
3527 
3528 
3529 
3530 
3531 
3532 
3533 
3534 
3535 
3536 
3537 
3538 
3539 
3540 
3541 
3542 
3543 
3544 
3545 
3546 
3547 
3548 
3549 
3550 
3551 
3552 
3553 
3554 
3555 
3556 
3557 
3558 
3559 
3560 
3561 
3562 
3563 
3564 
3565 
3566 
3567 
3568 
3569 
3570 
3571 
3572 
3573 
3574 
3575 
3576 
3577 
3578 
3579 
3580 
3581 
3582 
3583 
3584 
3585 
3586 
3587 
3588 
3589 
3590 
3591 
3592 
3593 
3594 
3595 
3596 
3597 
3598 
3599 
3600 
3601 
3602 
3603 
3604 
3605 
3606 
3607 
3608 
3609 
3610 
3611 
3612 
3613 
3614 
3615 
3616 
3617 
3618 
3619 
3620 
3621 
3622 
3623 
3624 
3625 
3626 
3627 
3628 
3629 
3630 
3631 
3632 
3633 
3634 
3635 
3636 
3637 
3638 
3639 
3640 
3641 
3642 
3643 
3644 
3645 
3646 
3647 
3648 
3649 
3650 
3651 
3652 
3653 
3654 
3655 
3656 
3657 
3658 
3659 
3660 
3661 
3662 
3663 
3664 
3665 
3666 
3667 
3668 
3669 
3670 
3671 
3672 
3673 
3674 
3675 
3676 
3677 
3678 
3679 
3680 
3681 
3682 
3683 
3684 
3685 
3686 
3687 
3688 
3689 
3690 
3691 
3692 
3693 
3694 
3695 
3696 
3697 
3698 
3699 
3700 
3701 
3702 
3703 
3704 
3705 
3706 
3707 
3708 
3709 
3710 
3711 
3712 
3713 
3714 
3715 
3716 
3717 
3718 
3719 
3720 
3721 
3722 
3723 
3724 
3725 
3726 
3727 
3728 
3729 
3730 
3731 
3732 
3733 
3734 
3735 
3736 
3737 
3738 
3739 
3740 
3741 
3742 
3743 
3744 
3745 
3746 
3747 
3748 
3749 
3750 
3751 
3752 
3753 
3754 
3755 
3756 
3757 
3758 
3759 
3760 
3761 
3762 
3763 
3764 
3765 
3766 
3767 
3768 
3769 
3770 
3771 
3772 
3773 
3774 
3775 
3776 
3777 
3778 
3779 
3780 
3781 
3782 
3783 
3784 
3785 
3786 
3787 
3788 
3789 
3790 
3791 
3792 
3793 
3794 
3795 
3796 
3797 
3798 
3799 
3800 
3801 
3802 
3803 
3804 
3805 
3806 
3807 
3808 
3809 
3810 
3811 
3812 
3813 
3814 
3815 
3816 
3817 
3818 
3819 
3820 
3821 
3822 
3823 
3824 
3825 
3826 
3827 
3828 
3829 
3830 
3831 
3832 
3833 
3834 
3835 
3836 
3837 
3838 
3839 
3840 
3841 
3842 
3843 
3844 
3845 
3846 
3847 
3848 
3849 
3850 
3851 
3852 
3853 
3854 
3855 
3856 
3857 
3858 
3859 
3860 
3861 
3862 
3863 
3864 
3865 
3866 
3867 
3868 
3869 
3870 
3871 
3872 
3873 
3874 
3875 
3876 
3877 
3878 
3879 
3880 
3881 
3882 
3883 
3884 
3885 
3886 
3887 
3888 
3889 
3890 
3891 
3892 
3893 
3894 
3895 
3896 
3897 
3898 
3899 
3900 
3901 
3902 
3903 
3904 
3905 
3906 
3907 
3908 
3909 
3910 
3911 
3912 
3913 
3914 
3915 
3916 
3917 
3918 
3919 
3920 
3921 
3922 
3923 
3924 
3925 
3926 
3927 
3928 
3929 
3930 
3931 
3932 
3933 
3934 
3935 
3936 
3937 
3938 
3939 
3940 
3941 
3942 
3943 
3944 
3945 
3946 
3947 
3948 
3949 
3950 
3951 
3952 
3953 
3954 
3955 
3956 
3957 
3958 
3959 
3960 
3961 
3962 
3963 
3964 
3965 
3966 
3967 
3968 
3969 
3970 
3971 
3972 
3973 
3974 
3975 
3976 
3977 
3978 
3979 
3980 
3981 
3982 
3983 
3984 
3985 
3986 
3987 
3988 
3989 
3990 
3991 
3992 
3993 
3994 
3995 
3996 
3997 
3998 
3999 
4000 
4001 
4002 
4003 
4004 
4005 
4006 
4007 
4008 
4009 
4010 
4011 
4012 
4013 
4014 
4015 
4016 
4017 
4018 
4019 
4020 
4021 
4022 
4023 
4024 
4025 
4026 
4027 
4028 
4029 
4030 
4031 
4032 
4033 
4034 
4035 
4036 
4037 
4038 
4039 
4040 
4041 
4042 
4043 
4044 
4045 
4046 
4047 
4048 
4049 
4050 
4051 
4052 
4053 
4054 
4055 
4056 
4057 
4058 
4059 
4060 
4061 
4062 
4063 
4064 
4065 
4066 
4067 
4068 
4069 
4070 
4071 
4072 
4073 
4074 
4075 
4076 
4077 
4078 
4079 
4080 
4081 
4082 
4083 
4084 
4085 
4086 
4087 
4088 
4089 
4090 
4091 
4092 
4093 
4094 
4095 
2824 
1949 
3537 
1456 
745 
243 
1453 
2157 
2757 
591 
3344 
2357 
13 
2587 
1107 
1558 
144 
646 
3215 
600 
2685 
524 
810 
3162 
2319 
1580 
1170 
1650 
1170 
856 
1262 
3019 
3471 
1541 
2914 
948 
254 
2513 
1749 
3107 
4065 
1486 
1264 
2269 
585 
509 
1101 
2920 
923 
2476 
1375 
3968 
2673 
1848 
1441 
259 
3207 
578 
2481 
844 
1277 
3035 
3155 
243 
1933 
1766 
1217 
3134 
4027 
2469 
774 
297 
3882 
2667 
567 
3161 
3605 
1962 
146 
2192 
3523 
321 
1042 
3373 
2838 
2193 
2810 
3311 
1905 
1314 
3531 
1926 
1893 
2369 
3766 
853 
1447 
166 
973 
467 
1532 
2425 
1492 
3049 
163 
35 
518 
1903 
1518 
301 
382 
3326 
2361 
1665 
412 
2541 
322 
3216 
1240 
546 
437 
2096 
2731 
1825 
4026 
367 
2205 
589 
4055 
2336 
1612 
1644 
344 
4055 
1094 
382 
1880 
1784 
2649 
3793 
1343 
4006 
1224 
3256 
320 
1339 
3287 
3999 
3084 
1370 
1665 
324 
3251 
1304 
640 
468 
3223 
2621 
2888 
1930 
1932 
1073 
1125 
3886 
719 
2841 
2270 
2915 
2187 
162 
1032 
325 
962 
695 
1599 
3318 
4045 
2583 
3412 
3876 
524 
3088 
2951 
2167 
2805 
1110 
54 
1216 
2373 
3772 
3868 
3778 
196 
1288 
2179 
1755 
3788 
123 
2841 
1051 
3578 
69 
1584 
3485 
3230 
2972 
3439 
2449 
1317 
2145 
2865 
3298 
3732 
3837 
2844 
3318 
510 
1151 
1230 
715 
513 
914 
2700 
1013 
3253 
550 
3693 
342 
3358 
980 
3888 
460 
3373 
3023 
3931 
1746 
2148 
756 
1701 
253 
3801 
2111 
3702 
2057 
3314 
2925 
3762 
2645 
762 
661 
1980 
3555 
1030 
3711 
1042 
2140 
1510 
1458 
2040 
3923 
370 
2407 
226 
73 
1505 
957 
3162 
3830 
342 
2804 
3840 
3436 
1155 
3841 
1986 
1709 
872 
717 
3988 
3010 
754 
1034 
1575 
1465 
2560 
3189 
395 
3945 
636 
1059 
2280 
2171 
3871 
2048 
47 
3992 
1007 
1464 
1897 
2515 
1599 
1335 
1051 
35 
2209 
688 
1248 
3392 
633 
3417 
1676 
1709 
3780 
2483 
3847 
362 
1654 
3526 
370 
464 
1903 
3192 
2079 
671 
1906 
899 
358 
621 
1056 
3419 
756 
3732 
3148 
1651 
3121 
804 
2009 
1143 
2258 
3666 
3932 
2485 
2367 
2805 
447 
2441 
1036 
3916 
3017 
1659 
1800 
844 
142 
652 
3579 
3038 
786 
353 
3601 
4053 
3476 
1539 
657 
2154 
979 
4055 
1705 
1741 
3698 
1716 
1987 
822 
3887 
614 
2091 
3001 
2718 
893 
2277 
573 
1345 
761 
3357 
2182 
1958 
1497 
1667 
1812 
1049 
1675 
2609 
2549 
65 
2795 
1097 
1330 
3160 
3771 
383 
1977 
2166 
2564 
1391 
3355 
1648 
2543 
3794 
2787 
1441 
16 
222 
1444 
1819 
3629 
58 
656 
1061 
3405 
3464 
3662 
492 
1579 
1643 
2021 
1759 
3601 
3231 
135 
3904 
3981 
2349 
3173 
2385 
2729 
1093 
3621 
2573 
3788 
4012 
4042 
189 
710 
2842 
1127 
1576 
3961 
2921 
775 
1761 
620 
1820 
3042 
695 
1501 
2732 
2016 
381 
234 
1820 
2755 
2133 
2163 
1207 
2502 
3598 
2326 
2421 
3573 
2594 
997 
985 
456 
3514 
3768 
1048 
3108 
3536 
2900 
3709 
2396 
884 
480 
395 
2184 
3699 
2385 
832 
260 
2113 
1214 
3137 
325 
73 
2857 
2004 
3475 
1302 
2786 
322 
2360 
3987 
3854 
3304 
48 
2942 
9 
522 
3140 
2779 
2305 
2118 
3730 
612 
87 
1595 
3542 
623 
1078 
3602 
3849 
4027 
1726 
1425 
1178 
3740 
431 
20 
3306 
1602 
252 
843 
2401 
1618 
2928 
1278 
3787 
2844 
3928 
1650 
543 
2642 
987 
772 
1329 
2398 
2660 
948 
1385 
691 
2334 
2578 
1636 
940 
142 
2235 
1014 
387 
108 
3863 
1599 
3775 
3975 
352 
2070 
2213 
1691 
2883 
2231 
3080 
3136 
770 
1221 
3550 
3874 
3276 
1683 
585 
3531 
1023 
3869 
1617 
3660 
3664 
275 
970 
1803 
2439 
2446 
624 
3458 
2391 
374 
3256 
21 
2284 
1229 
2470 
1101 
3374 
606 
2028 
2939 
2980 
3958 
909 
2300 
3733 
1535 
1170 
3411 
1271 
1934 
772 
1721 
2094 
4043 
2225 
2395 
3551 
762 
1480 
3069 
1378 
969 
2068 
2158 
3976 
3078 
2507 
69 
3637 
2307 
2218 
792 
304 
3154 
3525 
3552 
389 
1734 
4037 
3925 
1645 
3013 
173 
693 
2461 
2395 
1731 
795 
871 
2177 
2866 
3759 
3461 
2307 
1501 
2373 
3045 
3958 
2991 
2326 
1382 
620 
3764 
4040 
577 
1665 
3624 
144 
2367 
2784 
87 
1939 
3626 
241 
2329 
2310 
523 
1847 
1711 
2244 
3390 
3091 
1973 
1177 
1452 
3274 
447 
1515 
976 
75 
1065 
2596 
2128 
1032 
2136 
3409 
907 
67 
333 
2042 
930 
3723 
3655 
2604 
1798 
1720 
353 
1511 
4065 
1124 
1321 
3947 
2579 
3570 
886 
4002 
2027 
2605 
1891 
2953 
116 
3817 
3079 
3978 
1257 
404 
790 
2129 
2146 
772 
3333 
2377 
1593 
84 
2930 
190 
264 
2126 
1714 
1815 
3001 
2381 
2438 
74 
3323 
1061 
1160 
1629 
193 
2417 
1740 
2653 
1654 
1375 
1179 
3427 
228 
51 
586 
1957 
1477 
970 
945 
3775 
3989 
3976 
1352 
2165 
1629 
3622 
833 
2470 
2614 
3426 
2235 
1013 
257 
2188 
1224 
1337 
3702 
2644 
2961 
38 
1998 
2196 
3149 
76 
1665 
3741 
1389 
1573 
631 
2453 
1026 
1318 
2244 
1252 
3735 
2932 
3397 
1269 
2172 
3284 
942 
1470 
3421 
744 
1473 
3935 
1774 
1394 
1309 
73 
1461 
606 
3216 
1597 
3489 
1392 
2298 
119 
3812 
1583 
144 
3881 
1868 
1869 
2862 
2036 
3074 
2323 
2576 
2620 
2137 
3947 
76 
468 
179 
406 
3215 
3493 
4039 
3353 
1060 
1602 
3812 
3991 
1125 
3700 
2981 
3012 
1496 
3304 
2000 
3828 
3735 
2092 
2564 
2856 
2902 
3064 
470 
2481 
1862 
1542 
993 
1624 
2720 
3426 
2929 
163 
1769 
566 
322 
1999 
1290 
1129 
933 
186 
1975 
1749 
770 
735 
146 
2545 
6 
1593 
3748 
859 
127 
3088 
3981 
1395 
2231 
2398 
67 
2629 
3745 
4040 
731 
3510 
1962 
1483 
2652 
3191 
466 
2843 
635 
1367 
2494 
3764 
1377 
2795 
3967 
3143 
2424 
1956 
2247 
3597 
1014 
3033 
1910 
1979 
2715 
3245 
1585 
2527 
514 
3336 
1517 
294 
557 
2959 
2875 
2757 
1429 
3453 
614 
596 
1548 
2994 
2856 
2384 
962 
35 
1934 
2981 
278 
3673 
3200 
3991 
550 
1128 
3335 
1137 
2633 
3779 
1451 
3867 
508 
1973 
1151 
1707 
418 
3519 
192 
740 
3856 
3322 
3890 
2905 
967 
2411 
604 
429 
2915 
1544 
2869 
1458 
333 
1867 
1861 
3973 
2471 
600 
178 
1849 
1431 
3757 
3256 
3756 
1718 
3724 
2356 
130 
640 
2112 
1054 
1642 
1001 
2511 
1423 
3024 
833 
3763 
370 
3193 
3427 
1660 
3465 
4012 
3689 
283 
1098 
2031 
1485 
3005 
439 
805 
3946 
662 
180 
899 
3766 
3513 
2962 
1931 
605 
456 
2659 
1920 
2842 
3328 
35 
1081 
1592 
2799 
2793 
3770 
3659 
2847 
1851 
526 
990 
267 
3145 
3308 
3071 
2496 
2406 
3554 
2687 
2104 
3105 
3924 
3119 
1792 
670 
1909 
2394 
1286 
3278 
1645 
2455 
474 
2439 
1998 
1603 
1014 
304 
674 
3887 
976 
3316 
897 
3905 
600 
3033 
1761 
3575 
1835 
2 
559 
1189 
938 
2204 
4041 
263 
3583 
577 
279 
679 
1470 
2249 
1636 
2291 
270 
1728 
2080 
453 
502 
4006 
1311 
2390 
2729 
185 
1468 
822 
2347 
3255 
1255 
1756 
3935 
3511 
1800 
2847 
1017 
89 
2470 
851 
3255 
812 
2431 
734 
803 
3950 
2560 
77 
3017 
708 
1539 
1570 
3097 
2198 
2761 
1807 
3724 
3428 
3503 
764 
2357 
1977 
873 
2438 
2617 
2409 
731 
3632 
746 
1504 
3605 
3442 
1084 
363 
2640 
3790 
1461 
1968 
1918 
1624 
640 
2562 
3523 
2524 
672 
2023 
3352 
3170 
1467 
1113 
4030 
3651 
1259 
934 
3668 
2874 
3547 
3082 
3355 
1803 
1690 
1119 
1289 
4051 
1198 
1480 
1367 
872 
2402 
882 
1182 
1585 
1606 
2242 
298 
220 
2315 
1819 
3533 
3611 
159 
2313 
1191 
1403 
657 
1926 
3192 
259 
2470 
2629 
2556 
799 
3956 
1344 
244 
910 
770 
1649 
1042 
2693 
1603 
3049 
3514 
359 
898 
1714 
247 
2840 
3267 
2568 
2628 
2152 
1616 
3589 
1027 
4063 
2394 
2201 
529 
2942 
3472 
2438 
679 
79 
793 
383 
1522 
1721 
1783 
666 
2695 
1214 
2377 
2344 
65 
2574 
3247 
95 
3764 
2237 
2821 
1560 
4072 
3843 
3488 
2753 
1749 
695 
1686 
3794 
1894 
3905 
434 
1092 
136 
1477 
2859 
2451 
1701 
734 
3264 
3987 
2050 
2656 
2198 
2192 
3724 
2986 
592 
2410 
1531 
887 
282 
611 
2820 
645 
2073 
2575 
3317 
1447 
3209 
240 
785 
3322 
3335 
3319 
1164 
3268 
2779 
3047 
837 
3833 
2601 
2883 
2663 
3481 
732 
2733 
1197 
1073 
3120 
2955 
3559 
3927 
1421 
232 
3623 
1282 
3754 
1328 
97 
2606 
3205 
1053 
3889 
4080 
1001 
97 
4083 
771 
1986 
3293 
2431 
3529 
1218 
3926 
475 
1673 
1412 
3580 
1069 
2369 
2187 
2642 
3576 
582 
1748 
3555 
1209 
4034 
1144 
2272 
4012 
494 
1541 
2451 
156 
1522 
1014 
2368 
341 
610 
955 
3905 
1388 
3073 
841 
1568 
3358 
802 
362 
81 
2562 
747 
694 
2664 
2872 
3856 
965 
1045 
56 
1174 
1051 
928 
2098 
514 
1781 
3312 
3329 
1508 
91 
1310 
4027 
109 
3877 
1685 
1631 
3513 
2755 
3112 
1257 
3868 
3 
836 
315 
3619 
3005 
1343 
394 
3635 
2596 
3949 
1458 
1417 
3402 
1891 
1028 
2971 
3219 
1013 
1956 
2306 
2372 
3612 
1282 
3479 
1235 
3149 
1627 
882 
2357 
2881 
673 
2435 
804 
230 
755 
761 
3794 
3112 
609 
3881 
256 
377 
159 
925 
3178 
3054 
3764 
1616 
2614 
2207 
571 
102 
1846 
1808 
3673 
3412 
514 
2664 
470 
3874 
2660 
2449 
1899 
3695 
213 
177 
3199 
2922 
3029 
3687 
3854 
2803 
3572 
2536 
1138 
194 
1910 
322 
4048 
1738 
1466 
2662 
44 
1392 
1836 
2100 
3295 
2699 
411 
3809 
3271 
3802 
3900 
3267 
1485 
3704 
139 
1825 
1231 
2332 
2012 
641 
3856 
1780 
3097 
1257 
2302 
1000 
3171 
2572 
2540 
3920 
3752 
532 
2658 
2606 
3271 
712 
2844 
2450 
3231 
2217 
2558 
2922 
2100 
1486 
283 
3897 
848 
2989 
3892 
1980 
3823 
907 
2464 
2849 
2156 
3296 
1985 
2391 
976 
19 
1631 
3402 
1078 
935 
1149 
1689 
2731 
3231 
1718 
728 
2499 
3256 
1614 
1800 
103 
578 
3534 
448 
1499 
1242 
3848 
239 
2008 
3488 
1464 
2187 
1343 
3142 
477 
1138 
456 
769 
650 
611 
305 
2212 
1285 
3286 
164 
2385 
1713 
313 
2152 
562 
3752 
2646 
961 
1103 
3790 
1602 
1854 
2318 
1409 
3954 
2194 
1235 
2326 
2605 
3935 
3123 
1539 
2802 
3031 
373 
1793 
1625 
35 
3025 
3439 
1200 
1519 
1121 
3549 
1530 
1038 
1408 
3355 
3546 
3211 
2298 
3232 
886 
1034 
3091 
1420 
1785 
337 
2770 
2501 
1953 
3328 
1143 
2187 
3951 
2277 
1509 
747 
120 
2675 
1608 
15 
2414 
4016 
296 
2376 
144 
3139 
285 
27 
1202 
2688 
4092 
2335 
2844 
1116 
1616 
3669 
2091 
2754 
2703 
2453 
2970 
794 
3184 
1082 
2495 
3112 
3148 
1036 
1080 
3347 
3989 
2376 
1884 
4070 
3336 
1809 
2128 
3014 
3935 
213 
3323 
3864 
2023 
3449 
3793 
2162 
1429 
3390 
2300 
1263 
3660 
4086 
1704 
3304 
3543 
435 
3403 
2075 
2218 
2951 
3713 
2578 
2178 
3547 
1499 
1298 
897 
1728 
433 
2719 
3630 
3772 
3647 
372 
534 
3125 
2346 
926 
1866 
1043 
3801 
225 
4060 
2583 
2872 
456 
2778 
3733 
2165 
2104 
808 
3394 
3521 
37 
1168 
1151 
2244 
3422 
3510 
605 
3491 
2148 
1286 
330 
546 
83 
3333 
3634 
1411 
2136 
2160 
2095 
2204 
1458 
2557 
1469 
2766 
3594 
448 
3734 
2614 
416 
163 
3135 
352 
2065 
1109 
2905 
819 
2130 
3613 
2989 
1478 
2201 
18 
2326 
1602 
381 
3290 
1512 
3467 
2292 
3140 
734 
3282 
1821 
2277 
3889 
1917 
1496 
1268 
3607 
1410 
3879 
634 
892 
1664 
1109 
328 
1031 
2738 
2619 
2140 
1579 
2797 
623 
3398 
719 
3852 
3112 
1555 
905 
2674 
2178 
1938 
3888 
2907 
3154 
3682 
37 
2311 
2397 
4 
2178 
2682 
560 
158 
2779 
3579 
1024 
1573 
1014 
3281 
3670 
57 
1026 
91 
1536 
3197 
1948 
2916 
3300 
895 
1257 
2184 
2480 
3765 
4018 
1475 
3772 
1606 
365 
1104 
725 
1398 
671 
3630 
947 
1558 
1178 
436 
1092 
3493 
3858 
2165 
2360 
1497 
4027 
2971 
2588 
3294 
1579 
2637 
1552 
1307 
2523 
3073 
1845 
2780 
2671 
3918 
1168 
3478 
1584 
678 
92 
2661 
3614 
3906 
2478 
2664 
1056 
2007 
2671 
2828 
2611 
287 
736 
4034 
3859 
2996 
447 
1808 
3537 
1064 
29 
2238 
1168 
575 
1202 
4080 
1196 
299 
1466 
1520 
712 
2518 
1338 
998 
767 
1573 
882 
3017 
95 
2063 
1820 
1504 
590 
454 
2705 
1979 
2424 
229 
287 
1343 
2124 
3854 
445 
2455 
297 
639 
1368 
3501 
3976 
2474 
1118 
3987 
3725 
2616 
1023 
546 
3784 
1918 
1302 
2435 
942 
906 
2941 
203 
3365 
2843 
861 
3579 
258 
194 
1807 
830 
733 
1828 
2308 
1749 
2329 
2244 
3529 
2566 
1920 
2117 
2961 
1297 
1760 
358 
3821 
1575 
1012 
3447 
16 
1647 
2479 
2080 
2196 
4045 
32 
2082 
2365 
353 
231 
3920 
1459 
1843 
3100 
996 
468 
2612 
92 
3130 
3727 
3454 
1897 
3197 
887 
2888 
3083 
1013 
2686 
1575 
2901 
2749 
2023 
897 
1407 
718 
232 
1657 
1240 
1544 
3032 
1131 
3311 
609 
2710 
1419 
1374 
1140 
659 
2519 
603 
3785 
3881 
2658 
1216 
2237 
1459 
960 
686 
3047 
1759 
247 
2939 
348 
2946 
340 
1204 
3168 
295 
1827 
1048 
2874 
136 
2516 
3052 
3707 
4084 
684 
1665 
4045 
3099 
2753 
2879 
1542 
3306 
397 
2201 
2284 
965 
689 
2766 
977 
755 
3674 
362 
2116 
538 
3125 
448 
3245 
2064 
2536 
347 
10 
1403 
782 
2581 
2632 
503 
1642 
707 
2467 
3647 
1633 
3017 
2360 
1655 
2916 
3586 
3248 
3982 
3900 
2750 
2389 
2119 
3796 
1192 
4052 
330 
3791 
2265 
234 
2206 
1355 
457 
2674 
124 
759 
3877 
2487 
239 
388 
1412 
4044 
3223 
2372 
939 
2252 
1249 
3510 
2807 
1532 
1468 
315 
898 
2544 
92 
1217 
1077 
3621 
2267 
2636 
4027 
3660 
1874 
2401 
3704 
888 
2217 
1777 
902 
2275 
3430 
1513 
213 
1293 
1732 
2848 
1182 
2687 
3435 
2627 
3080 
1484 
1542 
708 
197 
762 
2335 
3944 
2593 
2882 
2885 
3926 
3709 
855 
3383 
606 
35 
2087 
2657 
1616 
2383 
171 
1410 
1630 
2760 
1685 
1522 
1304 
1807 
3176 
1134 
2421 
3951 
1155 
2810 
2994 
2018 
4082 
1535 
3843 
2724 
1453 
1500 
2607 
866 
2659 
599 
2241 
659 
1270 
2918 
134 
1428 
2345 
3374 
2635 
3172 
3993 
3034 
2161 
2413 
1462 
3474 
727 
432 
3911 
2589 
3253 
1841 
1897 
3825 
1183 
114 
2963 
534 
2609 
580 
1594 
2996 
3099 
3607 
1964 
2645 
1403 
3775 
1304 
3379 
858 
2710 
3033 
1473 
317 
574 
3360 
146 
830 
3143 
2895 
2468 
3517 
762 
3233 
547 
1543 
2357 
4061 
433 
2160 
2109 
620 
2876 
745 
2849 
773 
3342 
566 
3453 
3647 
1115 
2432 
2139 
766 
1869 
1616 
2610 
3109 
19 
374 
2864 
783 
1199 
3947 
2402 
2378 
1715 
511 
249 
387 
1368 
1880 
3872 
2173 
3877 
1589 
3942 
1804 
907 
3879 
3722 
3017 
2958 
895 
1776 
2116 
229 
1227 
3074 
121 
3880 
983 
1430 
3492 
3995 
335 
2942 
3124 
137 
2068 
2147 
3325 
2483 
620 
4051 
3095 
659 
1819 
2630 
1463 
3306 
1937 
3426 
160 
956 
3965 
2387 
1886 
2744 
3919 
442 
3909 
3877 
3784 
3080 
1451 
3754 
561 
1312 
175 
1903 
923 
2638 
3767 
3937 
3525 
911 
49 
3449 
3900 
3936 
2254 
2372 
155 
2046 
3719 
1535 
3034 
2697 
3538 
762 
1236 
3517 
725 
3862 
2296 
747 
254 
1833 
991 
708 
3030 
1875 
2243 
3388 
2105 
1055 
1050 
660 
2167 
3003 
1411 
3153 
2349 
2979 
3384 
2543 
538 
383 
2419 
898 
2353 
3630 
2014 
4015 
2957 
1140 
3344 
1248 
1657 
1554 
771 
3458 
3638 
2425 
3318 
3991 
2725 
3031 
3853 
705 
830 
3786 
3572 
3805 
3556 
1443 
3339 
3742 
2785 
3938 
3271 
1973 
3490 
1388 
3450 
1953 
3765 
3455 
1511 
1736 
2939 
320 
2593 
1843 
990 
2759 
2779 
3061 
768 
3519 
316 
1514 
3321 
1649 
3048 
1806 
855 
985 
2338 
1404 
3774 
3180 
888 
1116 
3697 
3458 
3712 
4008 
3828 
747 
3580 
1894 
2177 
785 
981 
953 
2174 
1629 
2710 
1706 
3330 
154 
543 
2081 
2391 
3941 
1834 
2233 
1198 
3420 
142 
2287 
1570 
1450 
1959 
2426 
902 
1463 
2252 
2613 
2319 
1606 
1638 
1375 
1594 
217 
2181 
3854 
1512 
3830 
2606 
2173 
1382 
738 
2154 
1202 
1826 
1605 
3260 
154 
3647 
2626 
2244 
2787 
1629 
931 
1260 
3181 
291 
2817 
3519 
2334 
2695 
742 
2296 
1924 
1667 
240 
240 
1421 
3713 
1424 
3119 
1457 
4037 
3360 
172 
3833 
2294 
2476 
2926 
676 
3924 
2080 
788 
2723 
1788 
3005 
4062 
1268 
4055 
2419 
87 
3690 
1561 
3173 
2931 
3082 
2812 
3570 
3358 
2881 
540 
862 
955 
1072 
504 
2854 
1674 
2565 
883 
2028 
1520 
1944 
2419 
1330 
2704 
3876 
1847 
3324 
2866 
3123 
2293 
3064 
258 
2771 
1260 
2158 
2964 
3930 
2803 
767 
1405 
2949 
582 
2874 
2884 
1822 
3638 
434 
528 
2824 
1363 
2440 
2197 
1303 
950 
3256 
2708 
2856 
3788 
1400 
4055 
2126 
4082 
290 
3865 
1084 
489 
3650 
864 
645 
2358 
2614 
2878 
383 
1804 
3988 
1142 
2778 
687 
3835 
988 
3052 
3880 
128 
4002 
3265 
4061 
1038 
1351 
2766 
1299 
1894 
1596 
3381 
26 
205 
2454 
2075 
3754 
1815 
2560 
1869 
926 
2971 
3810 
1947 
2752 
2887 
2883 
2228 
4094 
2744 
393 
3812 
2201 
2428 
3987 
2891 
1268 
1466 
3380 
1175 
325 
1803 
3945 
3083 
3231 
2445 
51 
1182 
3938 
2217 
3357 
319 
4049 
3980 
2854 
3554 
957 
929 
2105 
513 
589 
2712 
238 
854 
380 
3827 
1256 
162 
3824 
763 
374 
4070 
2983 
934 
815 
233 
2568 
1554 
2842 
1206 
336 
606 
172 
209 
3753 
551 
1996 
3695 
903 
898 
263 
372 
3640 
614 
3966 
2247 
2321 
3674 
1654 
155 
476 
4005 
3651 
3088 
1794 
3625 
254 
2573 
1693 
2523 
433 
2102 
3889 
3687 
372 
1631 
596 
2185 
783 
2024 
3682 
244 
3513 
3326 
2089 
2050 
1646 
2861 
1294 
1010 
1631 
784 
2412 
3682 
3920 
2926 
4049 
3789 
1434 
1346 
2058 
3853 
2582 
907 
1781 
2711 
3630 
1677 
3611 
2748 
1000 
1952 
2572 
730 
982 
3562 
786 
1114 
1014 
2446 
2909 
1809 
1945 
2803 
3628 
722 
3925 
1426 
3045 
1138 
1972 
449 
3728 
2144 
2067 
3519 
3112 
2920 
2823 
2123 
2420 
1607 
3352 
1474 
1524 
859 
1710 
3831 
620 
3570 
1234 
2495 
367 
1333 
2205 
3764 
806 
3412 
2332 
1914 
2002 
3031 
3611 
2804 
1546 
3988 
2244 
408 
1305 
2664 
1533 
2255 
2731 
1899 
3525 
2372 
1782 
429 
426 
3416 
1192 
3816 
3074 
755 
962 
820 
865 
2720 
3830 
3455 
3496 
242 
1617 
2427 
3734 
1648 
388 
3549 
394 
3482 
3516 
56 
361 
141 
2313 
2694 
2740 
2677 
1487 
1269 
1101 
2787 
286 
1173 
929 
2093 
2082 
1428 
2363 
1692 
3677 
3956 
383 
3742 
1335 
2263 
91 
3109 
2182 
2989 
1233 
3617 
2675 
770 
163 
2146 
1345 
3034 
1298 
1264 
171 
1718 
2577 
2666 
3986 
1954 
1326 
1924 
2230 
1055 
1571 
2888 
2481 
3753 
3543 
4045 
431 
704 
1073 
1073 
2031 
3221 
2258 
2677 
1709 
3353 
2336 
2621 
430 
2632 
1769 
3009 
1520 
1672 
1069 
132 
3835 
2998 
2075 
381 
927 
3899 
2541 
917 
1332 
331 
2016 
1731 
859 
335 
1931 
331 
1230 
1920 
3639 
723 
3357 
446 
352 
2659 
1607 
3252 
2208 
1286 
1606 
631 
1457 
2225 
1695 
2796 
747 
3898 
350 
3288 
2963 
1992 
2161 
2200 
2132 
1021 
1641 
729 
441 
1038 
3690 
3282 
3545 
3687 
3097 
3511 
1965 
2568 
1289 
2204 
4001 
356 
898 
2867 
206 
2012 
3528 
2976 
3790 
1630 
101 
1163 
873 
1022 
2739 
1265 
650 
3366 
3411 
888 
1560 
3576 
3136 
203 
3492 
2369 
1088 
2891 
310 
1462 
667 
3424 
2193 
2402 
1462 
985 
3034 
762 
3894 
2084 
4091 
1140 
45 
3902 
4085 
2410 
2088 
1321 
3505 
3 
15 
1372 
2088 
2719 
3309 
3719 
2482 
2689 
2108 
10 
3916 
2540 
3628 
3336 
1314 
1336 
936 
805 
1330 
2544 
3028 
3383 
3367 
1606 
3766 
3960 
745 
2496 
1673 
364 
2320 
2003 
3698 
3172 
982 
748 
1689 
1778 
3144 
311 
2350 
3680 
3426 
1923 
1549 
1345 
3534 
293 
1418 
2662 
1490 
1457 
563 
114 
2734 
2209 
2244 
622 
3532 
1973 
2570 
3711 
3332 
854 
3873 
470 
3487 
3881 
627 
3606 
2936 
3752 
3490 
769 
1674 
3428 
3927 
3420 
253 
374 
499 
2362 
1705 
4084 
2630 
1069 
2077 
3843 
1686 
1069 
233 
3851 
1141 
3813 
2826 
3207 
1382 
568 
287 
3835 
481 
1764 
1919 
1331 
186 
41 
4025 
2143 
3618 
1341 
3612 
637 
1177 
2059 
296 
2785 
63 
2869 
3333 
470 
2111 
2513 
78 
3827 
2301 
55 
1623 
2417 
2316 
2919 
3029 
3424 
1595 
557 
2481 
1056 
3253 
109 
2319 
2889 
965 
1480 
630 
2980 
1269 
154 
359 
429 
1330 
3471 
2006 
1048 
1638 
1069 
2599 
3536 
2383 
3072 
3697 
938 
2289 
2543 
2019 
2501 
1032 
496 
2011 
477 
2304 
582 
554 
3804 
2194 
3360 
3899 
622 
3290 
2121 
2642 
1077 
2293 
796 
417 
2728 
2319 
3651 
3436 
1023 
1206 
1170 
2178 
2495 
3333 
366 
3508 
1923 
434 
2310 
3411 
543 
3346 
4075 
3648 
1573 
2789 
2645 
486 
3025 
4060 
2709 
3348 
2384 
2875 
3481 
2909 
1498 
3129 
3714 
1194 
93 
3212 
337 
4012 
1520 
1754 
275 
1903 
1883 
431 
2215 
1671 
3520 
2372 
2964 
1554 
2425 
2250 
3256 
3587 
1195 
3379 
3990 
1706 
3184 
3786 
2733 
3428 
2176 
2905 
3306 
2214 
464 
1894 
4041 
4033 
1396 
1416 
301 
929 
1578 
1027 
2069 
2413 
2063 
3425 
1218 
2366 
2384 
2380 
3036 
1484 
1411 
1065 
1480 
2664 
3683 
1052 
2540 
3804 
477 
1862 
606 
1163 
1389 
4012 
2702 
3959 
2805 
35 
807 
743 
3615 
629 
3531 
3158 
806 
1877 
3079 
1196 
949 
206 
694 
2305 
404 
1788 
468 
629 
591 
1587 
2164 
2860 
2059 
3764 
10 
2634 
3107 
3950 
453 
1053 
1144 
2809 
3454 
133 
2465 
974 
2901 
3411 
3446 
1367 
4082 
2932 
197 
2955 
426 
3741 
321 
508 
247 
2595 
1183 
3536 
3428 
3545 
114 
320 
2213 
9 
442 
2234 
216 
2752 
982 
3137 
1463 
2719 
3988 
577 
2531 
3495 
45 
606 
2719 
914 
3108 
1764 
2223 
2097 
391 
3993 
438 
1494 
3109 
1840 
3575 
2449 
2884 
3655 
2399 
1604 
842 
863 
18 
986 
629 
3696 
3377 
3137 
1401 
2945 
2899 
3081 
2768 
2272 
1013 
1024 
3434 
1367 
3725 
3162 
1065 
624 
277 
2966 
3634 
2942 
3530 
2420 
2121 
3051 
2805 
2926 
928 
2970 
3237 
3563 
2184 
3009 
1094 
678 
1617 
1605 
3870 
3147 
160 
1685 
2147 
949 
3322 
1648 
3972 
3085 
2003 
3324 
924 
2729 
2703 
2069 
3099 
1943 
76 
3507 
3126 
2040 
1647 
3946 
2541 
3082 
2080 
1275 
3301 
1976 
882 
183 
2915 
56 
3815 
839 
3139 
2411 
433 
3474 
3046 
112 
1012 
1948 
2368 
484 
103 
163 
2812 
3445 
1461 
466 
3459 
456 
71 
2872 
884 
2788 
566 
81 
3612 
3352 
2839 
109 
1642 
2817 
1140 
3785 
3268 
2475 
3881 
1963 
248 
3615 
188 
988 
1914 
2437 
1150 
4037 
2723 
445 
299 
2292 
1291 
2794 
2021 
3314 
1807 
691 
70 
3394 
2025 
1332 
1568 
3397 
1731 
3824 
1850 
82 
1503 
3968 
1346 
1338 
2838 
531 
1244 
3165 
2015 
1321 
2604 
3085 
3325 
1794 
2196 
3670 
3265 
2522 
3448 
1459 
3751 
3759 
3554 
160 
572 
2458 
22 
2419 
559 
2753 
1759 
3317 
1399 
1343 
729 
3959 
3931 
3847 
861 
3842 
3623 
3748 
3376 
497 
2486 
3804 
2281 
830 
2251 
3400 
1285 
576 
718 
3302 
990 
2147 
2064 
3571 
3134 
2019 
2500 
2808 
977 
275 
2352 
3985 
1611 
1543 
3742 
3766 
3398 
1043 
1689 
1148 
3301 
390 
3064 
1704 
3611 
3364 
696 
3545 
1522 
3494 
1957 
3188 
1880 
2179 
404 
3018 
776 
4059 
3177 
2324 
1409 
4013 
686 
2420 
1297 
2345 
1557 
4042 
2142 
2828 
2209 
3455 
379 
657 
357 
2000 
491 
3905 
4023 
3693 
654 
3738 
681 
359 
470 
1231 
3178 
712 
3264 
671 
697 
2187 
2642 
2221 
165 
120 
1795 
2244 
3936 
2715 
2999 
2733 
3385 
3493 
3433 
1112 
793 
2327 
1034 
2261 
589 
2816 
2702 
1229 
3302 
3821 
1678 
3397 
817 
1894 
2757 
505 
2392 
1362 
737 
1457 
2797 
784 
3844 
222 
2834 
2012 
534 
2057 
591 
3108 
3960 
3780 
74 
1773 
2060 
3622 
1589 
4022 
121 
2665 
204 
2331 
1456 
911 
2702 
1887 
2736 
563 
3455 
211 
3232 
648 
2636 
1870 
1253 
1081 
3833 
283 
669 
2426 
1977 
3942 
1137 
1741 
1244 
1644 
1209 
495 
1257 
2623 
3857 
2097 
118 
436 
3424 
2372 
57 
3098 
3349 
2665 
3785 
2779 
3826 
4027 
351 
2435 
216 
1391 
1943 
3676 
307 
2414 
2465 
2360 
2525 
909 
915 
2841 
2455 
825 
3121 
299 
2384 
2118 
369 
3675 
3286 
661 
2207 
2664 
2425 
1097 
1013 
2433 
2683 
2326 
3080 
2603 
3379 
210 
2480 
129 
709 
2173 
3069 
1774 
228 
3342 
1925 
988 
2738 
3412 
2700 
2836 
1026 
83 
3411 
2844 
791 
3474 
2662 
4022 
417 
2724 
686 
3285 
981 
3794 
3643 
1626 
3772 
2106 
1246 
3119 
2691 
240 
624 
3867 
1858 
2231 
1404 
1253 
1357 
1149 
3450 
2853 
103 
3628 
12 
3899 
1111 
466 
234 
4055 
3902 
3122 
3272 
2116 
283 
3573 
2520 
1499 
830 
1386 
106 
3719 
43 
6 
3184 
3742 
158 
536 
1798 
2549 
2858 
2899 
1569 
2758 
679 
2632 
1155 
37 
737 
579 
900 
2312 
1752 
330 
1593 
1763 
1207 
3555 
1509 
2604 
2758 
2680 
3308 
1959 
3088 
3585 
2336 
3360 
3172 
3360 
2205 
3806 
158 
2457 
2014 
3991 
2039 
1545 
3575 
103 
2609 
3387 
1862 
3939 
3025 
1395 
3532 
2681 
728 
2836 
2025 
3690 
2075 
2408 
1837 
1679 
2785 
3286 
1278 
1020 
911 
603 
2171 
99 
3673 
3175 
3295 
854 
676 
2813 
1857 
377 
1545 
1946 
2818 
1863 
3637 
2812 
852 
108 
1923 
3201 
3895 
58 
976 
2760 
3490 
3530 
3347 
3882 
2678 
604 
723 
3507 
209 
3049 
497 
2093 
2665 
705 
965 
2313 
1460 
2232 
4006 
2596 
348 
3179 
660 
3918 
2972 
2420 
1807 
1802 
1018 
774 
1990 
3946 
2189 
1385 
1073 
3271 
2834 
2461 
3168 
1397 
1171 
1549 
118 
3450 
2205 
3232 
1144 
2711 
3095 
3677 
1851 
3611 
873 
2577 
3165 
738 
1638 
2106 
25 
3421 
1803 
3699 
2153 
722 
3255 
60 
2383 
2526 
2384 
1414 
3939 
2079 
3323 
3109 
3431 
3115 
3866 
1772 
2276 
164 
3789 
1522 
3255 
2729 
718 
1400 
2356 
2698 
1417 
1608 
641 
3242 
1474 
419 
1286 
448 
2914 
3826 
1337 
337 
3798 
1907 
2614 
1661 
791 
598 
3800 
1463 
2444 
851 
4061 
4004 
2158 
122 
2856 
3470 
1530 
4043 
3158 
3017 
1990 
2780 
3764 
3503 
2562 
3588 
4085 
3010 
1239 
4084 
3349 
3860 
945 
191 
1314 
3847 
2982 
2637 
1024 
2962 
1055 
3928 
2306 
752 
1162 
2645 
4062 
2478 
1644 
2645 
288 
3392 
1424 
2919 
578 
1054 
2537 
344 
3227 
3421 
561 
3225 
2455 
2866 
2931 
470 
2681 
3817 
3746 
1520 
2081 
4059 
3256 
3573 
2201 
2402 
357 
1078 
2843 
1263 
1923 
3512 
1304 
929 
2241 
3220 
647 
2146 
2251 
2976 
890 
2462 
1809 
2693 
2132 
3706 
38 
1050 
4046 
319 
1020 
316 
130 
3153 
1040 
4036 
54 
2694 
2986 
1526 
2274 
1973 
692 
1473 
374 
1304 
2270 
3962 
3216 
130 
3223 
3030 
92 
2664 
1211 
2513 
2134 
3304 
1076 
132 
2806 
2364 
1809 
3755 
3656 
2065 
645 
1208 
1328 
2143 
4033 
3394 
3424 
2963 
2410 
2508 
3897 
1671 
3286 
1268 
3497 
2723 
3075 
3035 
3160 
4034 
2680 
519 
3531 
1792 
2170 
103 
2951 
121 
3590 
1813 
2070 
1342 
919 
1641 
102 
747 
1209 
3429 
3453 
1475 
3946 
3275 
2715 
2359 
176 
3281 
2412 
3083 
577 
176 
3115 
4007 
1224 
4059 
1512 
1826 
2409 
2385 
15 
307 
925 
3740 
384 
1183 
2376 
441 
3843 
27 
908 
3818 
3620 
1532 
1454 
1843 
459 
3154 
1389 
3990 
1732 
2488 
489 
3877 
3263 
1897 
2790 
882 
2226 
2035 
2913 
2545 
527 
3591 
683 
1328 
3117 
1144 
364 
1988 
772 
2190 
3355 
1523 
2246 
1137 
72 
1807 
3944 
1399 
3197 
3000 
2576 
688 
2016 
1394 
448 
3477 
3298 
425 
3954 
1721 
2269 
2888 
763 
1124 
485 
246 
1704 
2289 
3409 
3675 
3427 
3504 
73 
1923 
2794 
1537 
2197 
2016 
1825 
2208 
891 
736 
3427 
929 
3929 
316 
3557 
1637 
1107 
323 
2927 
1077 
378 
3752 
3450 
1442 
857 
27 
32 
1144 
840 
1497 
742 
2362 
2906 
1436 
2050 
3289 
2535 
3814 
789 
399 
775 
2778 
221 
1733 
2886 
22 
1411 
3982 
4045 
595 
1985 
2283 
466 
1306 
3955 
2485 
1535 
3054 
1415 
359 
1955 
3683 
686 
1760 
2213 
406 
122 
2079 
1793 
9 
2807 
2555 
3922 
1606 
826 
3990 
2220 
1445 
3530 
3637 
2773 
1896 
1956 
445 
1505 
1970 
1327 
2231 
3764 
2881 
2235 
477 
3589 
3788 
3069 
3112 
302 
3813 
2275 
271 
2718 
3950 
1057 
3451 
1880 
2053 
2688 
3484 
1584 
3921 
2863 
3174 
1607 
1593 
3469 
3340 
3835 
2532 
3095 
258 
2892 
235 
727 
2182 
872 
191 
1037 
222 
2542 
3768 
3763 
2329 
2931 
192 
3303 
2253 
1806 
950 
654 
1167 
1461 
3597 
3935 
2332 
1025 
1539 
360 
3989 
3920 
2450 
376 
1302 
1170 
1055 
868 
2093 
2247 
1231 
3101 
522 
1539 
3231 
2400 
3887 
2684 
3311 
1389 
2578 
359 
3107 
1013 
565 
329 
447 
1712 
3692 
1016 
2850 
3428 
1084 
632 
3287 
2577 
2278 
3024 
823 
3776 
3319 
1813 
3686 
1665 
1592 
3881 
3629 
2477 
1640 
3871 
3020 
836 
3566 
733 
3905 
1599 
51 
505 
1357 
2287 
1629 
3752 
2718 
3102 
3607 
2720 
3218 
4058 
512 
865 
2373 
2449 
3755 
2904 
2410 
841 
278 
842 
2052 
2243 
0 
3112 
2319 
3862 
3218 
3908 
288 
1599 
114 
3070 
3238 
3105 
3191 
1614 
57 
2023 
3719 
927 
2887 
177 
3740 
2129 
528 
3352 
691 
538 
382 
3694 
506 
2285 
2231 
2810 
3364 
1030 
3952 
3392 
1304 
1569 
815 
3890 
3631 
2528 
1051 
3006 
3675 
1405 
2215 
2963 
1126 
1975 
271 
3687 
1351 
3925 
2882 
3096 
2650 
310 
3321 
29 
3054 
724 
436 
3250 
2669 
1715 
1054 
2491 
316 
2477 
2392 
1463 
23 
3033 
2361 
3035 
144 
1890 
3115 
1042 
2096 
2266 
1484 
2492 
503 
71 
3205 
2944 
2144 
1052 
3205 
562 
1034 
3556 
1297 
4060 
899 
2745 
2826 
288 
3194 
1764 
3389 
1037 
1116 
2733 
4008 
429 
738 
3019 
1486 
281 
3379 
1770 
3766 
3272 
3964 
3136 
642 
4039 
1369 
3831 
3950 
2828 
1479 
2591 
1555 
1530 
3236 
2470 
1906 
519 
796 
2533 
1432 
1003 
3732 
1853 
2685 
2172 
204 
1523 
977 
23 
1253 
3237 
2936 
734 
884 
3901 
1514 
616 
2032 
2897 
388 
2053 
624 
2257 
1720 
3987 
3180 
256 
3834 
2329 
3453 
609 
948 
34 
1458 
1871 
1718 
609 
3890 
2476 
1752 
2897 
3255 
3634 
134 
2989 
3568 
2041 
514 
1109 
1075 
1324 
2874 
1723 
137 
3034 
1321 
2976 
3689 
2360 
1362 
1589 
2549 
2605 
2078 
1262 
635 
2939 
51 
2334 
3693 
73 
3069 
1001 
3062 
3304 
3341 
225 
2506 
965 
2957 
2378 
2477 
775 
1665 
1926 
1876 
1198 
1760 
3652 
1190 
3175 
1665 
645 
939 
3611 
350 
868 
704 
2469 
1051 
2987 
1596 
3974 
159 
1402 
2211 
3910 
1557 
394 
786 
3339 
1652 
3660 
141 
3380 
1087 
2728 
1674 
3175 
1347 
920 
1616 
906 
434 
2560 
85 
2850 
4028 
1526 
274 
3673 
1358 
106 
963 
2025 
2317 
2070 
2953 
2077 
606 
1755 
1067 
2448 
2371 
500 
382 
3817 
2440 
3090 
661 
139 
1447 
1645 
1643 
1234 
1774 
3587 
2152 
2825 
1796 
2544 
2065 
460 
157 
3100 
1782 
3079 
1464 
796 
3595 
2522 
1886 
1814 
3317 
3310 
2766 
169 
1888 
1709 
3719 
3121 
3801 
1414 
851 
2860 
1616 
3006 
231 
2247 
595 
1780 
3255 
2452 
3190 
1934 
2808 
2254 
3734 
2150 
623 
1278 
778 
771 
2081 
2566 
4079 
2724 
1020 
3278 
3381 
1214 
3595 
1890 
1920 
381 
3956 
259 
2777 
106 
1839 
3448 
114 
1075 
2031 
3344 
1447 
2245 
330 
2277 
2051 
198 
2682 
123 
2006 
2593 
103 
167 
355 
3033 
3320 
3827 
3617 
3084 
2119 
1315 
1623 
418 
1800 
256 
2895 
3390 
1846 
1462 
2565 
3689 
3282 
211 
1920 
234 
2323 
3818 
1207 
887 
949 
1514 
1444 
3150 
3803 
3322 
1530 
1253 
654 
1190 
2801 
762 
1874 
2140 
448 
2569 
1980 
2979 
1991 
2222 
3334 
4076 
850 
2952 
3241 
3715 
4034 
243 
1413 
1871 
1081 
291 
1530 
3422 
360 
3482 
2057 
3029 
3038 
3039 
2282 
1112 
3601 
244 
1274 
3201 
2295 
165 
3788 
3396 
1718 
1576 
784 
784 
648 
389 
1200 
584 
2594 
1591 
3141 
1151 
3737 
1213 
1247 
635 
3166 
2246 
1973 
3792 
683 
1990 
2169 
228 
1084 
1572 
1133 
3582 
2613 
2678 
3428 
2147 
1082 
2079 
234 
1145 
3757 
3264 
3573 
2818 
1675 
772 
3390 
2107 
4094 
1217 
258 
162 
1345 
1428 
3301 
1649 
2334 
1286 
2211 
596 
1450 
1100 
263 
1826 
1227 
2100 
1014 
2862 
1110 
1921 
2872 
1763 
434 
2341 
1475 
556 
1191 
1055 
983 
1811 
2485 
30 
661 
2345 
2632 
3071 
1591 
99 
2180 
1984 
1228 
3937 
2694 
1380 
854 
741 
2228 
1584 
773 
949 
3868 
408 
3475 
2198 
1871 
535 
3529 
474 
659 
1246 
1972 
1382 
2805 
218 
2476 
1545 
486 
467 
3115 
2778 
1307 
3487 
2233 
813 
1438 
1952 
4054 
2674 
88 
1825 
1257 
2788 
531 
2431 
1973 
1617 
2479 
1456 
1560 
3070 
1930 
3919 
1596 
2001 
313 
3040 
3713 
2392 
2951 
3244 
4048 
1119 
914 
1816 
499 
1468 
3703 
740 
396 
1932 
2540 
3229 
1739 
459 
1206 
2279 
3503 
3412 
2495 
3242 
548 
3581 
3828 
262 
641 
2831 
2578 
810 
1590 
2424 
1229 
288 
1449 
872 
3246 
2328 
642 
289 
2180 
1437 
393 
901 
1345 
2942 
2133 
3991 
454 
3399 
3488 
3708 
914 
992 
1763 
1359 
1559 
1457 
2987 
294 
2770 
3170 
731 
1500 
1565 
1032 
142 
3709 
1297 
2452 
1336 
3388 
2663 
911 
3161 
2410 
2419 
1388 
1056 
1370 
63 
2483 
194 
1179 
3537 
2930 
3888 
3643 
1699 
2806 
986 
1991 
3359 
3180 
1183 
3317 
3798 
4012 
3582 
2518 
221 
163 
3318 
2655 
3243 
2209 
2253 
3343 
2564 
1011 
1477 
18 
2766 
3299 
2849 
1424 
48 
3012 
124 
766 
3719 
1857 
3553 
2491 
1270 
2945 
3294 
3139 
2926 
2085 
2600 
2235 
566 
2895 
705 
3711 
3382 
1511 
255 
343 
956 
2449 
1631 
3076 
3699 
726 
1305 
1103 
426 
3424 
3778 
1370 
1591 
3393 
1184 
2437 
537 
2823 
3723 
2153 
2383 
1596 
245 
1916 
2360 
2005 
2951 
771 
9 
1919 
2989 
27 
2785 
1254 
3908 
2156 
3868 
1151 
3370 
2817 
2640 
2962 
134 
164 
3200 
443 
3065 
2061 
1815 
3084 
1901 
1700 
3008 
314 
1620 
1956 
1267 
2753 
3523 
3953 
3813 
2426 
2046 
3532 
2870 
1127 
1870 
3848 
1644 
3590 
549 
806 
2425 
1637 
2774 
3038 
1155 
988 
2086 
3651 
2729 
3843 
3556 
1699 
1839 
3918 
3735 
1158 
3008 
3689 
1778 
3850 
1284 
181 
1252 
3314 
197 
3335 
3020 
3757 
140 
3392 
2744 
3813 
1731 
1555 
872 
282 
3989 
1931 
1715 
3525 
1414 
636 
1721 
2059 
589 
3419 
404 
3141 
3493 
2079 
2521 
2149 
1056 
2475 
2634 
3115 
1594 
321 
1730 
3074 
2317 
2354 
3141 
2186 
1234 
943 
984 
3119 
1401 
3409 
1411 
508 
805 
1813 
2519 
2123 
2820 
4059 
2004 
3900 
148 
2675 
1205 
1513 
2109 
271 
3165 
623 
1524 
946 
1454 
2059 
1042 
622 
1500 
2585 
885 
3930 
952 
809 
1051 
2766 
3775 
489 
3079 
172 
1960 
310 
3865 
3487 
1989 
1787 
3814 
2691 
656 
2623 
2805 
2624 
443 
1255 
2635 
767 
2376 
4092 
2372 
2628 
3384 
2433 
3110 
1833 
1658 
2158 
623 
478 
2445 
3487 
3781 
2487 
844 
2427 
1524 
1905 
1765 
1522 
2595 
2070 
4085 
2438 
2120 
634 
3410 
1525 
2645 
3567 
275 
2371 
1060 
4089 
3661 
3177 
2431 
882 
2201 
1479 
2618 
3349 
712 
1668 
2685 
1882 
3817 
1263 
3485 
436 
3422 
264 
763 
1870 
857 
404 
3427 
2364 
3989 
335 
670 
895 
3779 
2841 
932 
3038 
2470 
1273 
2553 
562 
4017 
3581 
2269 
115 
1575 
245 
772 
4082 
1406 
1405 
3470 
1989 
3451 
935 
146 
2966 
1920 
2871 
3923 
3952 
676 
3198 
3360 
3769 
3154 
289 
1023 
3039 
1013 
2269 
2350 
945 
1706 
437 
1631 
369 
1302 
2982 
2333 
3533 
3477 
527 
2664 
2964 
1810 
582 
3858 
1542 
1413 
3735 
677 
485 
56 
3544 
1239 
2214 
1811 
4015 
2561 
254 
892 
3529 
3514 
2577 
965 
3481 
2927 
3220 
2720 
276 
1489 
2483 
851 
1378 
2483 
2495 
2116 
3025 
2447 
1580 
2923 
2254 
673 
19 
914 
3727 
877 
2383 
1163 
2753 
2324 
1947 
2895 
2151 
3901 
1636 
446 
3158 
1115 
3302 
551 
781 
3872 
3599 
701 
869 
331 
1745 
3282 
4080 
501 
1536 
2539 
4038 
2737 
1668 
2733 
961 
58 
1363 
2466 
1362 
3987 
3406 
3895 
941 
3110 
3391 
2637 
1194 
438 
1186 
2255 
2130 
854 
2742 
2642 
906 
1261 
2665 
1705 
3159 
2058 
1578 
1625 
478 
726 
1458 
2685 
2897 
778 
3693 
767 
3460 
2251 
2193 
2158 
3615 
2241 
4062 
3566 
2190 
1367 
2138 
3485 
1872 
3563 
1142 
1904 
2306 
3430 
1911 
1934 
3810 
3569 
3598 
2063 
756 
1401 
1047 
1251 
2299 
2130 
3073 
681 
3724 
3373 
2682 
111 
2618 
3112 
434 
35 
3958 
2172 
1645 
2744 
4038 
1558 
2258 
3870 
1474 
404 
3155 
896 
3265 
1376 
3078 
1620 
817 
3923 
1115 
1161 
2013 
856 
4006 
252 
2341 
601 
4005 
1517 
2196 
1004 
324 
410 
2861 
841 
2097 
1519 
2432 
1655 
168 
411 
1661 
1645 
331 
3212 
2386 
899 
3442 
852 
2624 
3753 
125 
2693 
304 
3338 
1725 
1947 
3629 
626 
3556 
3495 
1661 
32 
959 
348 
277 
571 
1327 
2321 
1117 
644 
1200 
3468 
3009 
3741 
803 
2024 
818 
940 
500 
815 
3606 
4078 
394 
1657 
2417 
3499 
3908 
2104 
1140 
3919 
3730 
2209 
1778 
1943 
2108 
2314 
1648 
2075 
3957 
3577 
3009 
1027 
3052 
3048 
2678 
181 
3119 
3628 
1816 
3221 
2231 
945 
2135 
83 
3877 
2680 
3231 
1532 
3022 
661 
1074 
950 
3367 
750 
2174 
3140 
2314 
1336 
3005 
65 
2861 
1049 
2220 
3152 
310 
3379 
718 
3693 
2004 
1724 
601 
3292 
4081 
1034 
670 
2460 
827 
3534 
2507 
2836 
2471 
3682 
4056 
303 
3233 
2421 
2053 
3054 
21 
1867 
3662 
3052 
2013 
1815 
520 
2626 
1336 
1522 
2337 
2404 
2849 
2712 
867 
682 
676 
3211 
1417 
2414 
1935 
275 
64 
2294 
3265 
2846 
1268 
2919 
3098 
1962 
1593 
3583 
2931 
1285 
3825 
3918 
3417 
323 
1611 
1451 
3427 
2286 
2810 
3530 
2140 
2340 
3389 
1140 
3155 
3659 
1489 
2383 
1883 
3356 
2503 
1715 
1592 
32 
2272 
2729 
3213 
1377 
519 
3138 
3315 
1360 
3522 
1380 
886 
117 
685 
3728 
4003 
2515 
2349 
2602 
1469 
2370 
3373 
42 
45 
2544 
774 
1409 
1144 
693 
1863 
1967 
2284 
235 
1041 
367 
2356 
1229 
1862 
2022 
1270 
1650 
3060 
3447 
497 
2460 
1499 
2357 
2450 
3856 
1063 
2993 
746 
2963 
3444 
3058 
3652 
920 
2124 
1780 
2276 
2934 
3523 
79 
747 
1227 
3752 
3368 
926 
3999 
498 
2270 
915 
3320 
3818 
1632 
1822 
1127 
1945 
4020 
655 
2164 
2527 
4058 
1660 
2511 
1910 
2524 
831 
572 
2060 
3318 
2620 
1867 
762 
3022 
3682 
3528 
2985 
3590 
965 
1470 
3417 
2919 
1910 
3183 
833 
37 
2753 
1492 
2057 
2620 
1458 
2541 
3239 
2694 
3204 
1597 
1970 
2248 
4078 
241 
3065 
3291 
834 
3027 
1129 
3175 
4021 
2473 
2230 
1144 
40 
3152 
238 
1536 
2993 
2261 
2692 
741 
3561 
2513 
2744 
1322 
3244 
427 
1952 
1144 
466 
3140 
2876 
1362 
2842 
1004 
1572 
3430 
3538 
2073 
659 
3016 
2831 
3164 
706 
1905 
1031 
1686 
349 
2365 
2041 
2068 
2780 
2449 
1554 
2977 
1396 
1867 
1022 
3189 
1305 
2543 
3831 
2106 
40 
2417 
3893 
3085 
1023 
1211 
2532 
343 
2364 
261 
205 
408 
3954 
2135 
1508 
855 
630 
1373 
764 
167 
2630 
131 
2015 
288 
2072 
2942 
2222 
1191 
810 
301 
384 
4035 
3562 
1136 
3297 
1503 
2731 
2313 
3377 
1921 
2504 
720 
2289 
2642 
1974 
616 
98 
1501 
443 
81 
2135 
2205 
1672 
1334 
3961 
2491 
220 
724 
2386 
3257 
3897 
2124 
380 
3757 
731 
1769 
1358 
2642 
1077 
2462 
88 
2885 
3342 
466 
584 
2629 
541 
2531 
3620 
3792 
2154 
1354 
3678 
2175 
4013 
2254 
1021 
1115 
2074 
1784 
2164 
446 
1467 
297 
2556 
2394 
1081 
115 
3306 
1802 
1599 
317 
3813 
1417 
1340 
3181 
179 
4032 
3995 
3806 
52 
1079 
796 
2155 
3159 
2413 
3708 
87 
38 
1498 
3450 
3518 
3155 
3393 
1589 
2870 
3150 
3877 
1033 
1597 
2949 
1382 
3175 
1259 
2165 
3185 
1577 
2332 
3852 
90 
3100 
2859 
3135 
3516 
1127 
3427 
2884 
4059 
1369 
1903 
298 
2433 
1018 
1336 
2068 
2855 
2361 
16 
1728 
1479 
3405 
3922 
3937 
2216 
2853 
263 
3430 
3126 
2446 
3420 
873 
2253 
2233 
1037 
3160 
2205 
4013 
1997 
2462 
2736 
3162 
1799 
3248 
275 
2900 
385 
3077 
1141 
3086 
2501 
2982 
2122 
3570 
1793 
381 
1160 
506 
1819 
88 
2019 
3641 
3876 
3697 
3493 
1375 
3499 
3105 
483 
1180 
3997 
2484 
4070 
2674 
3007 
3975 
937 
1571 
1952 
3171 
2963 
753 
2694 
1870 
3897 
225 
3509 
3031 
42 
590 
3867 
220 
929 
3209 
360 
1706 
988 
197 
1048 
2353 
2407 
3421 
1234 
3034 
1188 
3611 
2584 
2411 
2302 
1257 
2930 
1956 
2397 
2079 
2912 
1193 
307 
506 
54 
2433 
3919 
110 
2575 
905 
3259 
906 
3468 
2489 
2515 
3021 
705 
2527 
969 
2501 
1393 
3651 
45 
2204 
835 
3591 
496 
316 
2844 
1894 
1305 
1459 
2670 
1264 
2109 
2544 
1591 
3373 
859 
1819 
1853 
786 
3431 
2232 
516 
318 
3400 
81 
3033 
3651 
3286 
1406 
1310 
2957 
474 
865 
1963 
3341 
1336 
1499 
1755 
3205 
3049 
1158 
2968 
2689 
3121 
3232 
2029 
763 
1348 
3837 
2683 
4019 
2409 
3839 
3974 
3595 
3721 
1901 
966 
1474 
381 
3742 
69 
3847 
2810 
4091 
125 
3918 
3011 
1050 
764 
4032 
1534 
3357 
1118 
1473 
1854 
3589 
2608 
2869 
615 
3523 
1063 
2472 
2657 
1644 
1393 
3551 
890 
799 
3629 
2145 
2682 
2991 
2857 
3044 
834 
3545 
235 
3774 
1677 
3936 
223 
2208 
2271 
1359 
3315 
873 
383 
120 
3489 
1813 
2933 
2574 
3556 
2667 
886 
2220 
1293 
3950 
1566 
1447 
2014 
2926 
1472 
3821 
127 
932 
3809 
981 
3476 
3054 
2060 
1640 
1632 
3488 
3236 
2983 
2537 
969 
2430 
1001 
418 
485 
1074 
1992 
2431 
1802 
2465 
2026 
2570 
2520 
2540 
1889 
3228 
4061 
3044 
1740 
2799 
3347 
724 
3070 
2208 
1757 
2196 
1651 
2455 
2249 
2805 
998 
1560 
2304 
854 
198 
23 
3171 
418 
3276 
245 
2238 
3048 
259 
1766 
723 
2930 
2513 
1820 
3054 
1363 
3140 
1677 
443 
2062 
1003 
2457 
2463 
1563 
2832 
2901 
3835 
2038 
3043 
1884 
1233 
2769 
3769 
2624 
374 
3887 
1357 
2577 
842 
72 
2409 
2964 
768 
130 
2398 
2678 
782 
1140 
491 
2410 
3014 
1570 
854 
982 
4 
2764 
243 
3534 
1020 
385 
1802 
2272 
159 
97 
2921 
3947 
2556 
4014 
1080 
2616 
3573 
3546 
2287 
642 
800 
910 
917 
499 
1916 
4059 
3916 
3512 
654 
1644 
970 
259 
2014 
2510 
2820 
3824 
2246 
743 
2254 
1546 
1956 
4019 
2430 
827 
1388 
3182 
857 
2103 
2731 
2077 
3843 
3143 
785 
2694 
605 
1559 
1088 
1240 
1523 
316 
3530 
3856 
3934 
2198 
1254 
2069 
3448 
2752 
1840 
1748 
2458 
2748 
1533 
1282 
3692 
3507 
3920 
1367 
2796 
1566 
1620 
154 
2085 
4058 
235 
1973 
1108 
1776 
1011 
810 
2459 
2515 
1558 
330 
3784 
900 
1749 
2218 
1880 
3578 
2120 
3823 
2264 
1071 
2273 
2407 
2309 
221 
775 
1469 
1775 
3881 
698 
1947 
2069 
2807 
2879 
247 
2810 
1280 
3434 
2996 
3067 
855 
1378 
2845 
223 
969 
2127 
3448 
3170 
2222 
2834 
113 
1094 
3358 
3062 
3078 
4019 
333 
102 
2196 
3698 
1222 
298 
1147 
1973 
2943 
3144 
2435 
3455 
940 
1188 
3397 
2220 
1615 
2522 
497 
3317 
43 
2850 
101 
2274 
29 
1013 
759 
1158 
1858 
144 
383 
2664 
2868 
1386 
1319 
683 
2284 
845 
430 
3971 
2244 
1216 
2201 
2852 
1934 
1138 
3458 
3399 
850 
973 
3215 
1826 
2320 
106 
10 
2341 
2851 
1115 
3268 
2682 
3277 
2107 
161 
269 
1941 
3441 
278 
3008 
1794 
3692 
1910 
3142 
3662 
1458 
1690 
1983 
2205 
324 
1181 
1321 
2840 
2685 
157 
1553 
2893 
1984 
439 
940 
581 
1540 
2175 
574 
2162 
874 
962 
1227 
4050 
410 
1362 
365 
3180 
4016 
2497 
2510 
507 
2712 
286 
3437 
1478 
1820 
3155 
65 
946 
3545 
627 
2530 
946 
2698 
2476 
2870 
2329 
1088 
1738 
1512 
1042 
3350 
59 
161 
638 
2329 
3514 
3682 
2237 
207 
789 
430 
1192 
3788 
2460 
500 
3751 
3545 
2218 
2717 
3613 
1480 
1342 
937 
3075 
2915 
2234 
2452 
1287 
585 
3852 
4088 
3457 
901 
2395 
3613 
2612 
1314 
807 
1712 
118 
2257 
3097 
2325 
3857 
950 
1961 
2810 
727 
411 
3723 
531 
1382 
2730 
2751 
1784 
1869 
2805 
1765 
2229 
1402 
2357 
1780 
1488 
1764 
1209 
1763 
3581 
2977 
3155 
656 
2234 
3993 
3390 
529 
3452 
1862 
10 
3107 
2388 
3754 
1759 
1608 
126 
1557 
3450 
1354 
2672 
3889 
270 
2367 
1344 
608 
860 
3684 
2621 
949 
772 
343 
2703 
1269 
1346 
2619 
24 
93 
586 
1852 
2112 
2728 
1282 
370 
2788 
866 
265 
2886 
1956 
3950 
2710 
2302 
1484 
1159 
2030 
875 
2637 
3551 
2902 
411 
3803 
692 
1769 
4082 
3235 
2699 
381 
1831 
3637 
2109 
755 
442 
1275 
3041 
666 
2032 
2924 
1999 
2911 
3531 
1405 
1244 
2021 
3951 
801 
15 
3891 
3474 
2080 
4013 
3152 
2344 
1930 
167 
1644 
2369 
2271 
176 
2977 
2621 
1338 
3923 
3124 
2192 
3991 
2788 
3048 
1377 
376 
192 
153 
2951 
1321 
169 
2779 
1388 
3583 
230 
1589 
2963 
2437 
2206 
2473 
921 
3060 
578 
2489 
1368 
1958 
2063 
1436 
23 
3226 
3835 
2385 
2057 
2836 
101 
3808 
63 
3408 
534 
2752 
2662 
3224 
3242 
584 
3503 
3725 
1724 
2344 
245 
603 
2220 
2783 
2480 
2192 
3373 
3223 
1952 
3072 
3960 
1647 
4007 
1198 
1145 
679 
4084 
4045 
1385 
2608 
3599 
208 
2450 
2803 
2351 
3165 
1142 
2865 
2582 
3952 
3324 
652 
1099 
2520 
195 
2391 
766 
2415 
1508 
3656 
861 
1241 
4013 
942 
688 
2008 
2268 
3766 
1616 
1699 
536 
3936 
2874 
3355 
2717 
82 
2851 
1678 
1413 
173 
1703 
1413 
2949 
3726 
177 
2982 
2170 
632 
2194 
3256 
3125 
652 
255 
576 
1622 
3456 
370 
4038 
1213 
2237 
1071 
1966 
4027 
3682 
2939 
2506 
3287 
2571 
3152 
2357 
1314 
3153 
2240 
3276 
2802 
2140 
485 
3112 
72 
2805 
3054 
2361 
4091 
446 
1743 
456 
357 
3025 
3475 
3675 
3671 
2971 
3599 
870 
2883 
2392 
3317 
2364 
488 
4017 
3456 
1499 
534 
2961 
2095 
698 
1468 
2972 
172 
984 
1097 
2762 
3051 
2496 
1665 
2018 
3083 
3809 
549 
1025 
2301 
2598 
1445 
3075 
2901 
3987 
2902 
3620 
3025 
3401 
2786 
894 
1856 
1000 
3468 
3945 
3740 
3317 
1882 
2569 
3766 
2289 
2186 
1153 
3409 
1689 
2312 
3965 
127 
390 
2275 
533 
1027 
818 
762 
3411 
3121 
1400 
2410 
1057 
1414 
267 
2914 
3060 
257 
1647 
563 
114 
95 
3541 
1835 
599 
3709 
23 
2881 
4008 
3848 
1093 
2572 
1740 
3232 
4032 
995 
381 
470 
775 
851 
72 
443 
2451 
882 
762 
453 
4071 
1658 
2362 
2392 
180 
1783 
3050 
2514 
3436 
3876 
3325 
1901 
1566 
2981 
1859 
3020 
3604 
1387 
1576 
3561 
1657 
286 
1813 
3643 
566 
1081 
1368 
1382 
2692 
2994 
1433 
47 
1037 
585 
3757 
1409 
3023 
1292 
3892 
3170 
4034 
2156 
260 
3336 
526 
3747 
3992 
1549 
736 
4038 
906 
2249 
3575 
710 
1362 
217 
556 
2608 
3449 
2901 
1423 
1897 
3373 
920 
439 
3395 
3315 
3442 
1111 
1284 
1395 
2371 
2204 
1066 
1004 
3352 
2370 
3065 
984 
555 
2539 
415 
2830 
381 
333 
1853 
2147 
1390 
2495 
3621 
2982 
2016 
953 
2795 
1654 
3635 
1341 
2891 
2416 
972 
2519 
1848 
2403 
1306 
3514 
718 
3408 
3256 
353 
2474 
1411 
1931 
1900 
1307 
1311 
890 
2209 
708 
1598 
35 
796 
97 
2235 
791 
3986 
3888 
72 
3978 
3034 
3563 
2811 
324 
7 
1677 
4011 
3141 
2518 
682 
2989 
980 
393 
3010 
1304 
1108 
2592 
3026 
270 
2230 
1363 
3659 
197 
1905 
1730 
26 
1325 
3082 
2693 
1037 
780 
3295 
3250 
1698 
1629 
3182 
2803 
335 
2156 
389 
1641 
1 
1284 
2623 
3642 
1677 
2313 
1175 
874 
500 
2190 
2627 
606 
2103 
3710 
762 
703 
976 
3271 
946 
4071 
703 
3934 
2285 
1904 
1364 
941 
3167 
351 
790 
2779 
959 
499 
2665 
1785 
2290 
2065 
93 
654 
320 
3519 
1856 
2786 
648 
3693 
1301 
1569 
930 
414 
489 
1015 
1469 
3535 
3337 
410 
802 
532 
279 
1071 
3280 
648 
3706 
2591 
32 
945 
733 
2179 
2134 
1744 
1416 
747 
2526 
2057 
3180 
3834 
249 
2269 
854 
2477 
3487 
3854 
1973 
3193 
2074 
2713 
4004 
448 
3488 
1301 
1579 
886 
2447 
1367 
2579 
73 
3474 
1869 
3189 
2986 
175 
1151 
2173 
2396 
123 
3151 
1428 
1776 
3056 
228 
1640 
1306 
3795 
3317 
228 
2994 
1820 
4073 
1853 
2771 
1593 
3531 
2922 
1432 
2255 
3925 
2612 
1839 
793 
2436 
1418 
1395 
374 
403 
2554 
2406 
228 
3066 
2769 
16 
3549 
3174 
2228 
107 
2511 
2954 
718 
1777 
257 
2217 
1745 
41 
580 
1633 
2633 
589 
2825 
1060 
3978 
176 
862 
2019 
1018 
478 
821 
4081 
348 
2132 
1504 
3140 
108 
788 
2870 
1856 
500 
3951 
158 
3616 
1244 
2858 
2914 
1869 
2082 
1982 
2501 
2210 
1958 
1533 
3634 
54 
2972 
1655 
2336 
292 
2301 
1035 
1492 
2108 
3844 
1601 
2744 
739 
833 
614 
3148 
3552 
2728 
2455 
3323 
2171 
683 
923 
1806 
2936 
3152 
3372 
2803 
2311 
2017 
3692 
2531 
4016 
1849 
1806 
2944 
1728 
3998 
1458 
2414 
2801 
2985 
3961 
1976 
3389 
3735 
1056 
3345 
454 
683 
3532 
1333 
3086 
793 
2963 
1268 
3479 
1705 
3835 
274 
254 
3289 
320 
2513 
2423 
1486 
2372 
1967 
541 
584 
1685 
2205 
4005 
2483 
2637 
1558 
691 
965 
79 
1288 
3349 
3504 
3710 
2797 
1505 
2457 
2004 
119 
2776 
2397 
590 
2658 
2782 
3311 
2336 
3335 
3200 
1690 
3035 
2404 
1151 
4014 
334 
859 
536 
3697 
2522 
960 
3763 
2608 
2578 
1762 
3593 
538 
2904 
3274 
1427 
3122 
2318 
3232 
860 
1957 
3171 
2831 
1915 
3402 
2888 
1414 
1876 
2140 
1333 
2719 
1683 
1660 
857 
2062 
2237 
3797 
946 
2447 
3416 
2286 
3714 
3443 
3228 
1140 
597 
1026 
178 
1245 
1667 
50 
3615 
1881 
638 
2495 
3533 
1658 
2910 
3425 
1621 
2688 
3630 
534 
3327 
241 
3915 
3017 
1687 
2435 
874 
2744 
1633 
181 
3831 
1920 
2564 
2464 
2031 
2540 
1367 
2071 
796 
2628 
2768 
626 
2001 
1607 
991 
3178 
16 
1022 
1155 
3212 
1950 
2518 
4080 
1970 
1585 
1504 
4093 
863 
357 
2594 
2171 
3533 
1800 
807 
3352 
2642 
3879 
1493 
2550 
1291 
2104 
1228 
394 
1920 
2232 
3884 
3460 
3905 
2844 
2809 
3491 
65 
1927 
2888 
3553 
2228 
1685 
1956 
986 
1266 
2146 
1969 
3170 
1230 
3325 
762 
1849 
1838 
654 
3433 
168 
3017 
3140 
2188 
2218 
1973 
545 
3094 
2068 
842 
1388 
2158 
246 
1416 
467 
3533 
1929 
522 
3697 
4007 
4041 
1457 
3037 
3993 
1900 
2977 
3428 
3204 
3669 
3514 
1153 
3456 
1924 
1409 
2691 
136 
1464 
2621 
762 
334 
1471 
3081 
2190 
241 
532 
3199 
2689 
696 
182 
1791 
1555 
1822 
2392 
112 
2926 
3197 
337 
3785 
604 
2691 
2261 
1557 
3656 
259 
2975 
2428 
1581 
2919 
1236 
1763 
3375 
2109 
2183 
3861 
2329 
47 
3020 
3061 
1726 
3115 
3602 
2361 
3768 
3877 
1321 
3659 
3183 
996 
1243 
833 
2045 
2071 
1149 
3968 
1808 
1608 
194 
600 
307 
351 
656 
3070 
2375 
1038 
1518 
2433 
679 
3009 
2813 
2607 
2954 
3735 
2332 
3699 
3686 
2112 
1471 
3960 
2492 
1992 
3442 
304 
3933 
4021 
2533 
3035 
1143 
1894 
1973 
3020 
2583 
2237 
1470 
572 
3690 
1845 
636 
914 
2038 
3418 
1748 
155 
3379 
379 
84 
2915 
3895 
3619 
1088 
725 
1082 
2964 
966 
1231 
3666 
3199 
3319 
1800 
511 
1229 
553 
148 
2657 
3077 
3772 
3874 
3017 
377 
2263 
2942 
2726 
2030 
3130 
2050 
3022 
2880 
3868 
1410 
196 
3650 
2272 
448 
206 
1649 
3536 
3561 
698 
1275 
3499 
2147 
95 
543 
3412 
3271 
3662 
1593 
3258 
3764 
759 
3454 
1597 
1133 
1417 
543 
2173 
2601 
436 
129 
1537 
3037 
3403 
369 
3077 
1338 
1286 
1209 
2106 
4061 
3405 
2361 
3469 
1956 
2699 
2401 
1292 
3322 
2807 
3719 
3458 
2780 
486 
3428 
565 
2604 
1934 
471 
3675 
3534 
685 
75 
3006 
1220 
2664 
2042 
3494 
1518 
4016 
1892 
3837 
3727 
1744 
3630 
2172 
3564 
820 
3823 
3009 
2167 
928 
2230 
1205 
3715 
1978 
3943 
3835 
1434 
3059 
434 
2345 
1524 
2273 
3245 
9 
3692 
967 
1728 
3120 
3455 
2854 
796 
897 
3150 
11 
2826 
355 
1113 
3450 
359 
3788 
2268 
2836 
3065 
2271 
2904 
436 
3836 
532 
3606 
916 
2122 
217 
1462 
2139 
3434 
2627 
2318 
92 
3745 
3240 
258 
21 
122 
3583 
3957 
1499 
3361 
3470 
4017 
1043 
1467 
1611 
3880 
2619 
240 
1721 
1591 
2284 
22 
748 
2123 
778 
813 
3119 
2002 
3004 
1366 
3809 
2618 
1428 
3411 
1858 
950 
3438 
803 
2677 
275 
3273 
835 
3887 
2979 
1598 
255 
2402 
2181 
3724 
1362 
899 
1410 
3607 
1326 
3562 
2942 
1239 
869 
888 
3781 
2561 
408 
3827 
652 
704 
1404 
1915 
350 
1617 
4084 
2313 
3028 
2062 
1759 
2576 
2673 
1000 
2355 
389 
3250 
950 
206 
3922 
1041 
1316 
2524 
1641 
2875 
3371 
999 
175 
3791 
4052 
1859 
1518 
941 
2354 
3758 
869 
1821 
737 
2289 
726 
3995 
3957 
3147 
2097 
2934 
2455 
2943 
1314 
320 
1640 
3099 
4044 
2175 
2865 
4082 
3107 
1158 
2970 
1093 
2839 
1232 
3314 
738 
2617 
2288 
3163 
3162 
2377 
1680 
3753 
921 
3485 
3974 
1085 
567 
454 
4048 
2628 
1931 
2344 
1839 
3722 
2582 
630 
1008 
1273 
358 
2434 
942 
2023 
2802 
1554 
535 
3351 
2096 
2291 
51 
450 
2753 
2827 
1684 
457 
1165 
2888 
1954 
3947 
1876 
371 
1256 
1294 
1492 
3326 
2971 
1104 
1713 
3581 
1999 
1206 
4071 
3570 
3777 
784 
3502 
52 
2564 
2324 
1614 
1154 
3026 
3576 
2986 
131 
247 
395 
2509 
628 
209 
2211 
2562 
2663 
3988 
3976 
1752 
3975 
417 
661 
3342 
970 
2999 
503 
1363 
2425 
2849 
831 
3289 
3496 
3412 
1253 
3146 
2712 
1375 
37 
866 
2247 
3099 
964 
466 
2287 
1685 
209 
1437 
3946 
14 
3831 
3826 
1657 
522 
1107 
1038 
2380 
2786 
3849 
1920 
2151 
3055 
1763 
1479 
695 
3697 
3424 
2303 
1588 
3569 
2933 
2858 
893 
3339 
3275 
3786 
1057 
1765 
116 
974 
1394 
824 
3804 
2508 
1193 
2998 
3314 
3522 
1944 
2169 
2694 
3003 
2222 
3303 
863 
149 
2779 
3936 
3888 
3100 
3831 
3719 
2237 
2223 
389 
3199 
2316 
884 
619 
4063 
3043 
2509 
2372 
1192 
3160 
348 
1095 
2955 
272 
3232 
2150 
200 
1150 
1011 
3981 
3290 
275 
1145 
627 
2570 
1401 
3168 
2483 
2114 
3715 
3289 
3957 
1426 
792 
3321 
3454 
673 
4038 
1050 
3182 
229 
94 
404 
2527 
3399 
3118 
223 
3752 
1807 
2543 
2416 
1128 
3944 
93 
1367 
3988 
320 
494 
4001 
3988 
2733 
1491 
3576 
3492 
3304 
4030 
60 
734 
3469 
200 
926 
2464 
3453 
1082 
2053 
4042 
1584 
479 
2576 
2438 
2129 
3052 
1319 
2731 
2252 
230 
3484 
2135 
3853 
1822 
3714 
2232 
3092 
1551 
1858 
182 
2569 
2441 
3104 
613 
2020 
2860 
1019 
4091 
157 
1589 
3208 
3667 
2107 
2642 
2733 
1783 
2768 
1819 
2447 
1070 
2475 
977 
1685 
2717 
123 
1920 
3912 
763 
3153 
2114 
2925 
1955 
1911 
1390 
2276 
2949 
2871 
3941 
2516 
3599 
2473 
2158 
3008 
1473 
3024 
1918 
1547 
2329 
55 
2486 
108 
2751 
1120 
1704 
3131 
3588 
2576 
1870 
2163 
2636 
1822 
211 
316 
3148 
2568 
3381 
434 
2329 
74 
923 
1671 
2412 
2700 
1899 
1212 
2620 
2431 
2297 
4021 
2269 
3410 
1336 
3518 
717 
683 
1985 
1508 
3298 
133 
1108 
1811 
4027 
2710 
2885 
2962 
143 
470 
1209 
2492 
61 
2825 
2989 
2079 
2364 
3876 
634 
3660 
2563 
3749 
1920 
3867 
387 
542 
2838 
83 
298 
4048 
2461 
3724 
1922 
3674 
3160 
2852 
2104 
2183 
3503 
3036 
3789 
3082 
1298 
2041 
3134 
3536 
160 
2935 
2729 
2975 
678 
1494 
2478 
3061 
7 
3977 
2881 
1391 
1262 
710 
1267 
1892 
3057 
3728 
517 
410 
3359 
2184 
2337 
3070 
3174 
1972 
1703 
1127 
3254 
1710 
3448 
3229 
3124 
1403 
352 
1379 
95 
3678 
1260 
2619 
1799 
885 
896 
2001 
1636 
3731 
866 
689 
3675 
510 
2542 
313 
3908 
3941 
1393 
362 
2478 
3615 
953 
72 
3223 
3831 
1080 
624 
3509 
1480 
2845 
362 
2480 
988 
60 
750 
3118 
4086 
2226 
1877 
2856 
1783 
608 
2816 
2326 
3686 
498 
235 
3012 
2816 
2018 
2041 
2911 
1296 
3660 
1456 
2860 
2744 
3610 
3115 
2674 
581 
3620 
3192 
2677 
2402 
387 
3274 
917 
4007 
2315 
346 
906 
310 
1343 
3236 
545 
3550 
2620 
2837 
3699 
2339 
362 
836 
2469 
2387 
3879 
2257 
3209 
4068 
1837 
1741 
1478 
1732 
185 
2941 
411 
2930 
1640 
1622 
2243 
2372 
3951 
3653 
2487 
2302 
661 
1343 
3707 
2731 
3755 
2971 
1107 
314 
107 
2698 
3065 
2336 
3896 
1262 
2685 
2864 
953 
854 
2372 
2153 
1427 
3819 
823 
775 
303 
920 
2997 
3787 
2659 
1974 
1712 
3455 
1996 
3152 
1569 
1852 
1408 
1776 
1325 
3887 
1744 
2008 
3365 
2839 
2690 
563 
3554 
711 
3145 
3189 
2883 
3160 
304 
97 
245 
2545 
1069 
3608 
3343 
3177 
2228 
26 
1364 
2582 
288 
3491 
2231 
4052 
3148 
257 
747 
536 
3988 
2469 
1674 
316 
3156 
3737 
2201 
1375 
686 
2456 
854 
201 
1085 
2025 
2723 
3549 
3847 
382 
107 
3043 
641 
3033 
691 
3503 
825 
3471 
2674 
1173 
385 
1668 
2030 
2332 
2781 
3128 
3289 
665 
2423 
788 
3475 
1364 
2963 
1189 
3894 
4062 
280 
2319 
3530 
4075 
1585 
2766 
738 
2345 
1316 
1536 
466 
3992 
1329 
1245 
2550 
3608 
263 
702 
3890 
289 
1696 
1593 
3491 
313 
1891 
977 
2672 
1216 
2424 
719 
709 
290 
2522 
2183 
1402 
2790 
3877 
3031 
2047 
965 
2544 
3975 
3963 
830 
559 
1790 
502 
1257 
1092 
1869 
231 
3924 
2221 
3205 
289 
1 
387 
2731 
1058 
2332 
2065 
197 
2527 
2227 
2355 
3010 
3592 
4070 
2029 
3867 
2239 
2583 
4017 
4052 
3493 
926 
679 
883 
74 
3451 
2729 
2505 
3976 
2887 
3264 
725 
3013 
1579 
1667 
3586 
2523 
367 
775 
1540 
1302 
893 
1164 
315 
691 
3685 
421 
2676 
980 
2929 
550 
3632 
485 
2588 
3273 
2214 
1004 
1241 
1823 
3506 
2497 
3801 
2392 
3622 
3453 
606 
1492 
659 
2577 
2054 
960 
1574 
2869 
2731 
2720 
2915 
2736 
3832 
1711 
305 
4074 
3916 
1271 
2897 
2305 
1757 
1079 
2398 
340 
2997 
3651 
3788 
897 
3804 
462 
725 
3623 
1530 
1195 
2108 
2001 
286 
1149 
2498 
3889 
2785 
1310 
1522 
1821 
727 
734 
3900 
886 
3967 
3749 
1517 
2577 
1069 
1832 
1412 
1528 
2764 
3353 
2999 
2844 
1685 
3850 
3629 
2041 
3097 
1926 
3369 
67 
290 
3044 
928 
3767 
160 
318 
2905 
2270 
1031 
2590 
994 
2718 
3971 
2024 
3248 
646 
3262 
3267 
3080 
3537 
1870 
904 
863 
3694 
1840 
2301 
2083 
2316 
365 
1836 
4045 
1206 
1949 
1669 
1003 
604 
872 
3629 
1021 
3823 
3774 
2013 
76 
2734 
387 
2118 
3771 
3620 
142 
926 
211 
1375 
3629 
873 
3074 
81 
1605 
2067 
340 
1696 
1260 
293 
3711 
18 
1608 
456 
4033 
3334 
3833 
2462 
3376 
1675 
2486 
1666 
1815 
2562 
487 
1026 
1310 
1369 
3991 
1287 
3594 
3506 
2292 
2859 
4030 
1935 
1482 
768 
2183 
212 
1008 
1101 
2067 
2891 
397 
1397 
1341 
2435 
322 
724 
1383 
2341 
571 
2863 
2682 
1207 
3257 
2232 
2120 
2733 
2431 
905 
2057 
2419 
1464 
2376 
2726 
3715 
3022 
1863 
2242 
3801 
4073 
1015 
1072 
3567 
352 
248 
1887 
3836 
3976 
2676 
256 
1494 
1484 
3445 
3731 
1824 
2927 
564 
797 
1137 
1656 
2088 
2282 
4038 
2091 
2872 
2681 
1844 
3297 
3785 
1690 
1800 
581 
652 
712 
1029 
1265 
623 
1128 
1631 
1212 
3595 
1706 
2341 
3251 
2376 
1603 
3476 
3134 
1947 
1316 
3597 
320 
4062 
2810 
265 
1448 
1428 
1452 
1889 
3891 
3888 
1766 
356 
380 
2778 
336 
2011 
4025 
3420 
3545 
3486 
4046 
3349 
3047 
1597 
1169 
3865 
1000 
545 
2635 
2273 
3923 
2944 
514 
1023 
1421 
855 
2107 
1937 
2893 
52 
862 
3399 
792 
3180 
3335 
2303 
3813 
4024 
1206 
2272 
431 
941 
2329 
2088 
2507 
898 
2850 
796 
1342 
3371 
4063 
1346 
2677 
3528 
194 
738 
1382 
1238 
3235 
2489 
3223 
1249 
1469 
3190 
3551 
3009 
946 
3365 
2009 
1290 
3676 
323 
3142 
1167 
3460 
1240 
25 
1784 
2916 
3222 
3201 
3511 
3981 
780 
3498 
269 
2058 
1231 
258 
1692 
1231 
3838 
900 
106 
748 
1389 
2405 
2140 
2344 
2664 
823 
4019 
1644 
303 
2444 
3975 
2620 
62 
1282 
531 
1447 
1015 
838 
3487 
3 
633 
3573 
11 
2564 
2063 
636 
152 
104 
2298 
1042 
664 
2011 
3771 
2789 
1730 
2075 
2187 
3293 
3393 
1923 
1942 
1990 
3141 
2791 
861 
1643 
1913 
3539 
3689 
366 
3860 
1054 
3487 
3638 
794 
3248 
1769 
1706 
3387 
3032 
1104 
1694 
2490 
3987 
1411 
2682 
3625 
128 
3918 
2383 
653 
4076 
3294 
2217 
3531 
3014 
790 
624 
2280 
3529 
3523 
3470 
969 
1559 
2200 
713 
2505 
2904 
2176 
3000 
1464 
1090 
3565 
1034 
321 
3104 
882 
3887 
778 
73 
1696 
3668 
2256 
1880 
3366 
3740 
2490 
3843 
2396 
2092 
2698 
2130 
1238 
756 
1049 
765 
976 
1157 
2744 
2274 
2907 
21 
2008 
2273 
171 
3673 
3054 
1554 
3678 
862 
197 
1165 
3387 
2169 
3573 
3161 
3957 
2589 
484 
664 
1492 
2640 
857 
1018 
1669 
1809 
1512 
3125 
1178 
2319 
4024 
1976 
3840 
2962 
2522 
2169 
291 
2456 
974 
2616 
1547 
3256 
1449 
2383 
3462 
434 
1031 
614 
1289 
1214 
1143 
135 
2377 
3993 
4086 
1677 
96 
3388 
2824 
2053 
2795 
2860 
173 
2404 
927 
1367 
1083 
1910 
2373 
3002 
1604 
97 
3119 
3104 
101 
1370 
1041 
2123 
1532 
3431 
3787 
4045 
907 
1540 
2398 
1856 
1661 
180 
3058 
2805 
4065 
2190 
3008 
300 
3597 
1796 
1436 
366 
2142 
236 
1970 
2273 
3891 
2258 
3153 
1984 
2548 
1049 
1685 
948 
1540 
1274 
1471 
933 
2837 
3324 
1157 
2589 
1067 
1102 
1192 
3765 
2309 
1678 
836 
2744 
3599 
4084 
1524 
627 
2842 
734 
242 
2483 
275 
1485 
3661 
271 
1757 
3366 
1899 
333 
1286 
2908 
2922 
1973 
2761 
778 
3660 
2072 
3559 
3817 
1382 
1626 
1405 
1116 
2898 
1364 
1850 
3124 
748 
1905 
226 
3517 
1755 
3346 
264 
2334 
3278 
3424 
4005 
334 
1750 
3419 
110 
2950 
734 
1897 
3559 
3710 
2138 
1440 
892 
2116 
3991 
3245 
2213 
3894 
1014 
2 
1631 
3839 
949 
2659 
3426 
3673 
1130 
571 
3660 
328 
3022 
3682 
1104 
2240 
3032 
2846 
1449 
2354 
2021 
1504 
2636 
2572 
1702 
3834 
95 
1003 
1476 
3146 
874 
1092 
2939 
2739 
1370 
1260 
2001 
1789 
1058 
2360 
145 
781 
3962 
2201 
2898 
1041 
1880 
2391 
1537 
1345 
3086 
130 
858 
1749 
2919 
2326 
191 
1647 
3118 
3903 
1286 
2686 
1858 
1034 
3425 
258 
567 
647 
291 
484 
1753 
45 
1718 
1686 
1559 
3454 
2450 
1684 
3582 
814 
2214 
3237 
1932 
1172 
801 
29 
127 
654 
683 
2838 
3437 
615 
2745 
3010 
2626 
1524 
141 
1231 
3019 
1316 
578 
244 
249 
3653 
1488 
2447 
387 
1204 
2899 
602 
4087 
3902 
3010 
812 
262 
3982 
619 
699 
2421 
505 
502 
3462 
3115 
3451 
140 
1401 
3922 
1200 
3737 
3602 
80 
1648 
3208 
793 
1887 
2927 
3042 
582 
1364 
3983 
2657 
2521 
3988 
1059 
1901 
3009 
1651 
4075 
970 
3676 
345 
542 
949 
3875 
2981 
2189 
2806 
3082 
1916 
789 
1307 
2041 
1592 
2917 
415 
2105 
3073 
134 
3568 
1003 
1263 
3309 
1332 
696 
997 
1067 
2652 
3929 
1129 
2000 
532 
1100 
3437 
51 
895 
3402 
4073 
3306 
1922 
3240 
3139 
208 
2325 
3081 
4080 
2372 
2868 
1511 
824 
278 
614 
611 
2529 
2103 
1918 
3751 
402 
2499 
2666 
4094 
3394 
3601 
3248 
1774 
3159 
679 
447 
3837 
1708 
379 
582 
3256 
2839 
2599 
2410 
2118 
3073 
22 
2654 
775 
2206 
2580 
319 
493 
2748 
3908 
239 
934 
577 
1432 
332 
791 
3411 
3579 
54 
3156 
3581 
3052 
2013 
939 
2963 
3672 
710 
894 
3385 
1138 
2237 
3194 
1809 
3634 
104 
356 
2587 
734 
2916 
2812 
522 
2825 
930 
3162 
3722 
2844 
3005 
3340 
518 
795 
1123 
770 
112 
2780 
2415 
3958 
439 
399 
2790 
3540 
1367 
1847 
1667 
2399 
3420 
1638 
2332 
3742 
1649 
2568 
3047 
3052 
3689 
2484 
1000 
2254 
1242 
2812 
227 
1828 
2435 
3520 
2835 
3381 
3368 
2095 
3263 
819 
659 
2857 
3575 
665 
3888 
2369 
1325 
3690 
1578 
2675 
434 
2395 
1680 
2436 
2257 
163 
865 
3641 
3465 
3119 
2039 
2077 
1254 
4083 
3777 
3232 
1370 
2092 
1395 
3347 
648 
144 
402 
3816 
714 
2157 
614 
2591 
1757 
2102 
437 
1748 
2140 
245 
1554 
1307 
18 
2396 
2903 
168 
3222 
2433 
681 
689 
320 
387 
2868 
950 
2921 
3251 
3879 
1487 
2014 
3232 
2658 
306 
3913 
3306 
3322 
2026 
1786 
410 
636 
3704 
113 
1543 
1860 
3830 
1485 
2213 
2407 
1344 
1274 
1671 
3803 
537 
2642 
3452 
3789 
3874 
2272 
2876 
1012 
3210 
3544 
3715 
2005 
69 
2664 
374 
4070 
2821 
3982 
2061 
1014 
1202 
1803 
977 
2191 
3328 
313 
2727 
1189 
300 
1109 
1081 
3732 
3991 
710 
264 
1038 
3359 
1641 
1759 
1773 
1841 
2827 
2478 
3411 
2968 
998 
99 
3792 
237 
741 
3402 
36 
779 
704 
3088 
1230 
1148 
2825 
3126 
4038 
3141 
303 
899 
2664 
1060 
2064 
2361 
3667 
2282 
1176 
962 
3199 
1316 
3210 
2895 
1720 
2193 
1588 
2171 
3049 
3797 
1087 
3011 
1417 
1605 
4095 
1048 
3766 
534 
2030 
2842 
3620 
546 
859 
1585 
3803 
1861 
2172 
419 
3879 
2816 
124 
2636 
1137 
249 
755 
1142 
1818 
3371 
601 
1442 
2544 
1946 
448 
2995 
2124 
1556 
2169 
643 
2947 
1590 
1253 
2861 
1467 
3453 
688 
3371 
1205 
2908 
3777 
1175 
881 
1250 
688 
2584 
1945 
966 
3582 
2977 
826 
1828 
3304 
1493 
1792 
2588 
2393 
803 
360 
3122 
348 
1985 
2887 
1941 
3939 
709 
3003 
3667 
4005 
1432 
1608 
1475 
1626 
1658 
167 
2245 
1278 
1665 
1319 
3567 
2802 
1457 
3417 
1377 
1340 
925 
1269 
25 
3427 
824 
2978 
3914 
3735 
534 
617 
2839 
2398 
822 
1756 
3689 
3372 
1554 
3043 
2023 
1337 
2972 
1177 
1259 
394 
530 
3155 
47 
1517 
295 
2135 
1013 
1441 
120 
786 
3559 
3003 
2518 
3715 
93 
2447 
3475 
967 
3278 
1305 
182 
1298 
2102 
2334 
3495 
3833 
2837 
3599 
2564 
1074 
333 
3796 
2084 
1015 
1526 
3741 
1514 
1601 
1266 
1668 
3003 
3766 
3579 
2931 
559 
3650 
3843 
1832 
3956 
3136 
384 
1507 
4031 
2166 
287 
1638 
3821 
3860 
812 
391 
1540 
3764 
3374 
3530 
265 
523 
1182 
594 
3244 
1339 
216 
2958 
3075 
518 
4071 
2224 
472 
160 
857 
466 
1200 
3052 
3096 
747 
2363 
133 
3187 
2806 
1671 
2343 
1902 
4058 
885 
3204 
3360 
1540 
1740 
3921 
1374 
2334 
3737 
3003 
74 
1420 
3954 
3209 
2269 
3067 
1259 
87 
2694 
47 
1630 
3319 
2058 
3291 
1388 
3500 
4050 
62 
2700 
2144 
1189 
439 
1964 
3320 
1909 
235 
1082 
962 
3118 
3720 
2235 
1339 
2859 
29 
2688 
2855 
886 
3807 
921 
1368 
2283 
275 
2976 
1070 
2845 
1808 
2764 
1349 
176 
460 
614 
2445 
1857 
3801 
3445 
3183 
2404 
1138 
836 
2119 
678 
1293 
1172 
3886 
560 
116 
3067 
2678 
3154 
3217 
3424 
2370 
1136 
456 
4071 
1230 
2097 
1305 
3628 
2406 
1001 
572 
180 
976 
2994 
2805 
2887 
1578 
885 
227 
907 
1587 
1815 
904 
2012 
523 
3458 
2719 
2204 
2255 
3595 
68 
3395 
695 
800 
982 
2729 
3742 
228 
3499 
2671 
2639 
118 
236 
1989 
3552 
3451 
1257 
1091 
1661 
1387 
617 
236 
439 
1346 
1853 
2883 
2514 
1089 
549 
1466 
2402 
1829 
3603 
1777 
2931 
1449 
2459 
2721 
2175 
2157 
120 
1713 
1358 
3148 
320 
490 
3971 
3935 
387 
3858 
1126 
1125 
787 
2504 
2707 
2705 
1124 
339 
2747 
236 
892 
3373 
1486 
596 
4071 
1772 
3395 
3000 
2851 
1342 
1938 
766 
2244 
529 
2610 
2871 
2884 
3409 
969 
2261 
3980 
3971 
2673 
2309 
2838 
2197 
2914 
3319 
1397 
2618 
1943 
686 
1012 
210 
2676 
2875 
464 
1368 
3650 
1657 
3512 
2016 
3942 
1593 
703 
1697 
3559 
1525 
3583 
3718 
1487 
3308 
1643 
1533 
240 
3920 
2674 
1540 
914 
900 
3262 
3293 
3448 
4072 
839 
1460 
1498 
1985 
3057 
601 
2512 
2306 
1176 
3723 
2333 
2741 
3443 
2972 
738 
192 
3298 
826 
1504 
1644 
930 
1104 
1581 
2297 
3361 
3938 
3333 
3157 
1125 
1075 
2486 
1014 
3406 
1169 
2953 
3862 
1742 
103 
3293 
3813 
1026 
470 
1746 
3107 
4040 
2175 
3440 
851 
3025 
1581 
928 
1490 
2363 
2368 
3623 
129 
995 
3929 
818 
3720 
1513 
3993 
685 
3276 
1192 
2110 
4060 
2470 
2496 
3497 
367 
2041 
2276 
799 
1610 
3341 
381 
1473 
2364 
1986 
1438 
793 
2702 
3083 
2550 
1332 
2449 
3607 
1454 
1707 
969 
781 
2713 
1943 
729 
2877 
987 
3763 
2692 
3405 
3266 
1880 
1349 
3590 
2085 
4034 
3436 
898 
2300 
902 
1853 
1767 
2478 
3201 
92 
2377 
1806 
3358 
365 
3359 
1000 
2117 
303 
1535 
3659 
631 
3416 
3493 
1126 
1708 
3660 
3652 
4013 
1151 
1971 
345 
1405 
2209 
3534 
823 
1101 
2947 
2863 
2528 
2615 
2566 
2482 
3000 
480 
752 
3115 
638 
402 
1685 
2576 
3858 
1063 
2870 
589 
3963 
3145 
3821 
2435 
1156 
3192 
1650 
3133 
926 
1811 
360 
1932 
3536 
1848 
3160 
2971 
1970 
1867 
447 
1927 
1479 
1558 
2636 
2895 
3765 
1769 
1539 
1705 
214 
2631 
991 
1757 
3337 
135 
3314 
1034 
3129 
45 
110 
3091 
1381 
1332 
3951 
3831 
1201 
1363 
1890 
971 
2279 
1997 
2761 
81 
836 
2348 
542 
9 
1403 
2638 
3155 
1133 
3314 
3813 
3133 
2621 
1701 
2254 
3570 
2260 
2058 
2618 
3583 
4027 
1188 
3606 
3651 
1031 
801 
841 
1661 
3750 
3168 
2858 
2135 
2738 
2024 
2899 
2190 
2277 
388 
2514 
459 
1289 
52 
2447 
1419 
2753 
973 
915 
1 
1525 
1938 
3209 
411 
2809 
1708 
1706 
1517 
1539 
2122 
473 
2175 
3726 
1776 
2378 
2759 
3080 
3058 
1445 
1450 
1023 
3647 
1345 
1601 
3197 
294 
516 
857 
197 
3826 
1840 
3824 
2904 
2680 
678 
191 
1695 
1484 
361 
2296 
932 
1479 
1497 
595 
1071 
3116 
652 
1602 
2963 
3896 
2738 
1417 
2201 
2445 
1587 
2274 
2901 
2851 
3667 
3447 
66 
1346 
2304 
3439 
2753 
436 
1170 
2214 
1333 
3976 
2273 
4040 
3965 
3458 
1677 
1325 
353 
2254 
2630 
3149 
446 
518 
977 
3170 
3530 
1480 
144 
798 
1141 
2188 
874 
2263 
1257 
1862 
3639 
656 
2453 
810 
498 
3712 
3057 
3589 
2139 
2896 
374 
1661 
2727 
1561 
3634 
570 
3936 
2241 
2018 
2939 
3145 
3164 
1531 
1589 
317 
2222 
690 
514 
3143 
218 
204 
3274 
2038 
638 
2222 
3897 
745 
3241 
1808 
1304 
2307 
2694 
2224 
3126 
1996 
2576 
1057 
351 
676 
2130 
1590 
1413 
666 
2969 
2779 
3597 
3155 
3836 
1858 
2380 
2068 
772 
549 
2243 
1803 
2999 
201 
2218 
3209 
871 
2598 
20 
1774 
2557 
2003 
3214 
1236 
304 
1641 
1363 
2207 
1778 
4054 
356 
171 
1317 
3446 
3138 
3724 
141 
2273 
3334 
4057 
251 
1159 
3054 
1759 
2266 
3020 
2896 
1641 
1980 
2496 
3890 
1792 
746 
4005 
3291 
244 
1304 
2506 
3263 
2435 
1425 
644 
3789 
2699 
2989 
1591 
4061 
967 
700 
392 
1323 
712 
3673 
3063 
2626 
4038 
1374 
1003 
3515 
1504 
1327 
3457 
1973 
3537 
1226 
2409 
3479 
46 
266 
1440 
3858 
2302 
3384 
2411 
3506 
775 
278 
1738 
1831 
4009 
385 
3682 
3399 
3454 
1070 
192 
2308 
1679 
3751 
1785 
3966 
217 
3433 
1211 
4001 
3725 
1271 
2851 
2190 
3160 
3634 
801 
2370 
2310 
2343 
3625 
2354 
2798 
1253 
846 
3304 
313 
1496 
1927 
2960 
3791 
2015 
2578 
2734 
198 
1265 
854 
3304 
3876 
654 
782 
958 
3911 
845 
3910 
727 
38 
1390 
1277 
2130 
2240 
4086 
867 
1694 
3208 
3232 
2831 
1207 
2044 
2896 
2481 
1078 
1465 
3387 
3450 
3563 
3115 
1080 
2546 
1537 
1396 
3201 
3976 
1615 
3500 
3783 
1094 
3823 
1875 
759 
3024 
3872 
303 
1373 
861 
4071 
434 
887 
3206 
3584 
2929 
1933 
2007 
2081 
3667 
182 
8 
2256 
2716 
3997 
3398 
1947 
3606 
439 
2040 
2003 
1823 
2681 
1389 
243 
2309 
3336 
1513 
1206 
3172 
51 
3329 
2586 
1856 
3788 
1523 
3244 
2433 
1560 
903 
154 
2825 
73 
270 
2150 
681 
3681 
1517 
1641 
630 
1381 
1847 
4060 
509 
2876 
2666 
1085 
2336 
2419 
2409 
3107 
2286 
3302 
2190 
1986 
4028 
307 
134 
1670 
2665 
3724 
2087 
2470 
1191 
520 
3406 
3351 
2371 
165 
2867 
291 
150 
3256 
2624 
1108 
1809 
197 
3074 
246 
3089 
1962 
1401 
3289 
2769 
1251 
2569 
1373 
2906 
2759 
2621 
3504 
3048 
2951 
2145 
1190 
1427 
3803 
2916 
1446 
3105 
502 
2205 
838 
1893 
388 
735 
109 
1693 
1809 
2014 
942 
4024 
3070 
2332 
3353 
1059 
841 
645 
1332 
288 
3533 
510 
3470 
2197 
3579 
91 
2513 
756 
2101 
1144 
73 
769 
3896 
3528 
433 
2518 
3214 
2231 
3423 
1867 
4084 
189 
3104 
3205 
2597 
3765 
1545 
2778 
863 
2801 
3026 
3253 
1630 
330 
113 
2196 
643 
1268 
2309 
2899 
1748 
3731 
2150 
415 
1802 
1381 
1479 
389 
3740 
2438 
466 
2719 
78 
483 
3676 
3264 
1168 
2391 
1211 
3695 
1850 
2613 
3990 
1296 
125 
1349 
3265 
637 
2801 
2481 
1847 
726 
1507 
267 
1580 
3446 
488 
1491 
2015 
3971 
55 
3058 
2577 
3681 
2145 
149 
1115 
2679 
3530 
3787 
3611 
2921 
729 
825 
2870 
2060 
2194 
1158 
822 
256 
2385 
2087 
3176 
2411 
2837 
71 
1910 
1231 
3295 
275 
2272 
296 
2879 
3234 
122 
2284 
2684 
2155 
398 
1686 
328 
97 
2147 
3676 
1138 
3763 
2332 
2026 
3222 
3373 
2893 
2489 
923 
3613 
2212 
3569 
2372 
1111 
3538 
3877 
1542 
2454 
2935 
2315 
616 
2682 
3026 
2625 
1822 
1591 
2704 
667 
2963 
1371 
3184 
503 
2148 
10 
1522 
1259 
3840 
1125 
1453 
3773 
4012 
3397 
586 
1743 
3438 
3072 
2245 
1786 
1920 
2274 
256 
999 
1440 
1963 
814 
2068 
1967 
3938 
1593 
3165 
3994 
936 
2462 
1076 
1548 
2782 
3975 
809 
1549 
2183 
2261 
2633 
1381 
2567 
1224 
4091 
1934 
1776 
3656 
996 
2270 
87 
2473 
3150 
2489 
2113 
3410 
1368 
3776 
3675 
1524 
3203 
2197 
4 
9 
3866 
3297 
2808 
1596 
1182 
2043 
1762 
3024 
260 
2805 
853 
3540 
2132 
2015 
1278 
218 
2874 
2675 
4042 
3781 
2398 
3640 
642 
3485 
1304 
2345 
3286 
2157 
1962 
2677 
3381 
2791 
3301 
2327 
363 
1170 
408 
740 
1859 
2851 
91 
2489 
564 
4009 
1838 
2416 
2316 
2516 
348 
470 
3383 
2663 
1993 
3197 
682 
310 
3911 
1067 
288 
2579 
3253 
2016 
3084 
1340 
4059 
3703 
724 
3902 
567 
3461 
2091 
2443 
1973 
1940 
372 
2115 
1586 
3699 
3052 
605 
996 
2688 
2684 
3517 
2801 
3602 
3487 
720 
1009 
314 
3189 
2896 
2360 
2736 
1600 
3216 
3797 
3578 
2538 
1615 
1393 
1730 
1216 
2916 
1359 
2081 
3301 
2942 
537 
940 
2758 
1314 
3822 
2937 
1615 
1279 
631 
3698 
2372 
851 
709 
3057 
3851 
2022 
49 
3923 
61 
1940 
3276 
198 
455 
3093 
475 
808 
648 
360 
2847 
3879 
321 
1034 
1633 
2725 
3892 
2971 
353 
30 
1760 
370 
1280 
3942 
2631 
2910 
609 
3402 
109 
1144 
3126 
1322 
2357 
3208 
1462 
3830 
2129 
3860 
1254 
353 
3321 
1150 
3193 
3720 
1249 
1113 
1865 
2105 
455 
3192 
2888 
3502 
2549 
1677 
45 
2295 
2633 
3084 
3347 
235 
2557 
3430 
1669 
118 
448 
35 
3231 
3876 
1521 
1222 
712 
2664 
707 
937 
1552 
3765 
3558 
4024 
2782 
1497 
664 
1621 
1004 
2989 
2071 
558 
2766 
1380 
2209 
1178 
321 
1223 
1402 
616 
2280 
3309 
2409 
1993 
1602 
1168 
2023 
3891 
2483 
164 
191 
2540 
3688 
3969 
228 
1403 
2095 
1340 
4027 
2667 
4070 
1602 
2977 
3629 
1461 
832 
801 
3653 
698 
2034 
1183 
2577 
1150 
2475 
922 
3539 
3620 
948 
107 
383 
3540 
2146 
2677 
2572 
827 
3872 
399 
1509 
4040 
3567 
756 
1402 
3999 
1792 
3121 
254 
763 
3110 
3708 
2854 
2738 
2044 
1803 
3682 
1013 
1345 
1153 
3373 
2388 
1063 
2903 
1800 
648 
1033 
3455 
2511 
3528 
276 
4094 
2567 
66 
2273 
2748 
2038 
2103 
3581 
153 
2430 
373 
949 
752 
4076 
508 
1450 
2362 
4089 
977 
2341 
4027 
3843 
199 
2724 
2038 
2927 
1384 
4084 
3150 
1456 
929 
2531 
839 
2190 
628 
900 
3936 
2667 
2709 
673 
2004 
859 
3662 
1849 
2217 
262 
725 
611 
927 
566 
3390 
3281 
2545 
3669 
2039 
3575 
599 
3179 
4095 
1709 
1660 
2286 
2810 
3088 
2347 
566 
3190 
3392 
2409 
2562 
2333 
2659 
3459 
3942 
1722 
2942 
3160 
1883 
702 
1946 
3388 
125 
1197 
1159 
1613 
499 
3084 
3790 
1228 
3393 
1964 
689 
1395 
2451 
4090 
202 
3282 
2642 
1949 
2209 
220 
985 
3169 
2228 
1023 
2192 
415 
500 
2609 
1302 
630 
69 
3420 
1887 
1622 
1048 
628 
2636 
319 
855 
425 
3430 
969 
1894 
2266 
2768 
1835 
29 
2370 
1844 
1230 
154 
2609 
3275 
789 
2222 
188 
826 
273 
2335 
3785 
2376 
1788 
1113 
3064 
493 
1090 
2263 
2187 
777 
344 
1256 
421 
2273 
2779 
3418 
3594 
1985 
3163 
0 
1364 
678 
2883 
3173 
3408 
2753 
1023 
1218 
434 
1862 
2597 
1064 
574 
1307 
2904 
2620 
673 
1344 
2234 
763 
3380 
1892 
1157 
398 
657 
1965 
276 
3169 
269 
3846 
2521 
3789 
1092 
868 
3469 
3140 
1894 
2636 
3163 
3433 
1257 
3065 
1580 
1690 
3110 
2213 
3482 
3927 
1177 
1862 
3504 
1222 
3952 
3828 
1300 
1835 
3572 
2096 
291 
3216 
2375 
3580 
2744 
639 
853 
3437 
2149 
1719 
3923 
210 
4035 
541 
812 
1389 
1652 
485 
1460 
652 
694 
3944 
1138 