0 152 68 62 210 106 214 85 44 111 120 140 136 116 81 171 
1 145 222 175 249 43 20 134 109 164 208 75 221 114 51 99 
2 79 161 15 206 130 72 195 102 50 73 95 141 4 34 228 
3 46 172 19 131 58 149 74 27 65 205 247 93 76 70 33 
4 228 10 102 195 123 101 130 67 73 127 216 72 200 218 153 
5 112 24 193 32 179 51 157 35 227 206 40 79 236 218 164 
6 118 139 202 29 59 188 199 240 103 194 97 244 60 125 48 
7 141 169 216 72 236 231 229 73 197 123 34 102 130 61 181 
8 147 92 17 94 200 61 123 101 198 20 243 99 174 67 57 
9 111 120 166 224 38 213 177 0 68 116 152 136 11 210 106 
10 228 4 101 127 218 123 73 102 195 67 185 211 227 216 130 
11 220 38 182 116 84 80 47 0 86 137 62 126 82 187 48 
12 115 64 165 117 159 37 212 219 63 125 198 243 194 89 143 
13 41 77 129 97 55 240 244 30 37 125 88 183 91 159 12 
14 80 122 95 234 86 116 182 151 252 38 220 25 137 158 50 
15 50 161 2 79 95 206 234 158 34 151 233 130 255 39 195 
16 217 248 56 205 176 89 33 238 76 160 65 18 221 156 134 
17 94 8 198 147 174 254 200 55 92 83 63 159 37 192 181 
18 156 76 33 208 43 248 93 221 75 134 56 217 16 205 65 
19 149 58 65 172 74 46 93 205 3 226 201 27 247 76 156 
20 99 211 61 92 101 222 75 221 123 134 175 147 8 178 114 
21 66 133 121 36 136 162 107 44 54 189 100 223 103 138 68 
22 142 69 128 178 71 201 185 191 93 127 28 211 108 140 57 
23 225 40 81 214 157 206 209 122 151 116 237 210 110 111 245 
24 157 193 5 206 32 79 179 2 35 161 112 39 40 15 173 
25 148 153 186 137 181 86 252 130 182 195 102 83 80 200 84 
26 53 207 107 36 69 54 226 201 85 108 189 149 87 144 65 
27 58 70 149 246 131 19 172 205 65 3 207 226 46 74 26 
28 185 128 191 110 187 140 214 127 225 82 210 22 218 84 81 
29 59 118 103 202 139 223 121 188 96 48 199 6 196 162 189 
30 244 183 97 254 83 129 124 91 55 94 41 17 77 180 186 
31 253 241 180 163 129 41 124 203 146 239 244 105 13 252 30 
32 193 110 40 227 157 206 24 112 218 179 5 51 52 35 79 
33 18 76 156 248 16 217 205 208 43 93 56 160 65 221 134 
34 233 39 141 173 15 79 50 2 72 255 169 161 234 130 7 
35 51 227 73 193 236 218 164 10 231 175 112 216 4 229 79 
36 107 54 66 207 26 44 133 189 136 162 53 21 85 68 87 
37 159 55 12 115 64 94 165 117 198 17 63 243 77 114 212 
38 116 122 11 111 80 220 14 0 9 214 84 151 210 177 182 
39 173 233 34 255 141 79 15 50 2 229 161 169 24 72 158 
40 179 157 23 32 206 110 225 24 52 81 190 104 245 193 214 
41 97 129 244 13 30 240 183 77 180 124 6 55 203 125 254 
42 90 246 155 27 70 215 162 66 58 100 205 207 189 121 149 
43 208 221 134 18 75 156 145 76 222 248 56 175 33 20 217 
44 136 106 68 152 87 107 138 36 98 0 62 54 85 171 133 
45 78 132 184 57 126 144 174 192 47 196 150 108 71 200 176 
46 3 19 172 58 131 149 74 247 65 93 205 76 27 156 226 
47 126 132 192 82 184 45 220 78 84 57 108 187 140 153 148 
48 96 103 223 139 196 29 203 126 59 78 192 47 11 133 183 
49 135 245 119 209 171 98 104 230 242 113 235 120 138 213 81 
50 15 95 158 234 161 2 79 34 14 151 233 255 206 130 122 
51 35 227 193 112 175 218 73 222 236 164 32 10 211 99 110 
52 104 110 245 81 230 191 113 28 201 209 247 225 74 32 171 
53 207 26 189 150 144 69 107 54 36 149 108 65 176 85 201 
54 85 36 133 107 26 189 108 196 62 223 53 68 207 136 96 
55 77 37 94 17 159 30 198 83 254 97 91 8 13 244 129 
56 248 176 238 89 16 217 221 134 208 63 76 156 75 205 93 
57 184 132 71 45 178 67 200 126 108 174 47 147 128 192 82 
58 149 19 27 205 65 172 46 3 74 131 226 93 207 53 70 
59 29 118 202 103 121 199 139 223 6 188 96 48 196 162 133 
60 170 215 155 250 167 202 188 194 219 143 125 6 240 199 165 
61 92 123 20 101 8 216 99 147 114 211 4 10 73 200 243 
62 85 0 210 152 140 68 106 108 214 187 54 191 82 84 128 
63 89 212 117 238 243 198 165 115 159 56 94 219 17 114 37 