0 62 44 38 11 54 9 28 36 47 26 53 14 23 57 22 
1 43 20 51 61 35 18 56 10 8 33 63 4 22 16 7 
2 15 50 4 34 10 39 24 35 25 32 28 14 7 51 61 
3 46 19 58 27 33 18 26 53 22 16 56 43 52 36 42 
4 10 61 2 8 25 20 57 35 28 17 7 47 15 22 51 
5 24 32 51 35 40 2 39 15 10 52 34 23 4 28 50 
6 29 59 60 48 41 30 45 13 47 17 54 55 63 12 57 
7 34 61 4 10 2 8 35 39 25 55 17 20 15 50 51 
8 17 61 20 57 4 63 55 10 37 45 25 47 56 30 22 
9 38 0 11 44 62 23 14 54 36 21 47 28 48 26 49 
10 4 61 20 35 2 28 8 57 51 25 22 17 47 15 7 
11 38 47 0 62 48 14 54 25 9 45 44 57 36 28 26 
12 37 63 55 17 13 8 60 56 30 16 41 61 20 45 57 
13 41 55 30 37 12 17 6 63 8 60 25 45 48 61 7 
14 38 25 50 11 15 47 2 0 62 4 28 23 34 9 10 
15 50 2 34 39 14 4 25 24 10 23 28 32 35 40 38 
16 56 33 18 63 43 58 19 53 45 26 27 22 20 57 46 
17 8 55 63 37 30 61 57 45 20 4 47 25 12 10 56 
18 33 43 56 16 19 46 3 58 20 22 1 63 53 27 26 
19 58 46 3 27 26 53 22 18 33 56 16 36 43 52 54 
20 61 8 10 43 4 56 57 17 22 63 51 35 1 18 45 
21 36 44 54 59 29 26 53 48 62 0 11 27 45 47 9 
22 28 57 26 53 19 10 45 62 20 52 56 4 47 54 58 
23 40 28 32 52 38 0 15 2 50 9 62 14 24 11 10 
24 5 32 2 35 39 40 15 51 34 50 10 23 4 28 52 
25 47 14 4 57 10 11 8 17 2 45 30 50 15 38 28 
26 53 36 54 62 22 44 45 19 58 57 27 0 47 28 21 
27 58 19 3 46 26 53 42 36 16 33 54 44 22 56 21 
28 22 62 10 52 57 4 0 47 32 2 26 23 45 25 54 
29 59 48 6 54 21 60 45 36 47 53 11 26 57 30 62 
30 55 41 17 13 25 8 37 47 48 45 6 57 63 12 4 
31 41 13 30 6 48 14 25 55 11 59 29 38 47 50 17 