0 492 479 377 498 354 703 576 807 570 152 838 68 62 210 786 
1 856 462 259 826 872 145 876 701 993 400 754 222 361 919 745 
2 598 79 161 964 759 935 531 502 15 920 468 437 206 547 1018 
3 46 636 421 678 986 172 19 131 296 325 319 560 58 728 564 
4 968 228 10 102 843 381 195 516 465 123 101 766 471 429 921 
5 960 332 496 866 112 24 664 193 789 556 877 32 402 709 179 
6 717 655 692 760 914 948 886 939 118 512 350 139 202 706 740 
7 583 410 616 571 431 141 169 216 887 72 302 800 753 341 775 
8 566 147 406 92 901 613 803 722 545 17 628 94 765 852 849 
9 111 120 865 590 315 434 838 910 377 344 463 691 166 990 715 
10 381 968 472 228 4 637 921 589 843 101 441 768 538 478 383 
11 443 716 508 897 220 1015 830 945 812 456 715 344 853 807 453 
12 983 115 64 305 405 165 888 726 440 977 557 117 880 159 37 
13 720 777 368 584 513 682 41 893 77 270 891 129 97 644 808 
14 80 562 750 596 523 729 797 652 714 122 95 234 996 274 645 
15 809 531 50 502 161 859 2 598 920 79 95 957 550 743 547 
16 666 486 654 217 1004 622 248 469 1010 653 847 56 379 518 261 
17 94 406 870 901 281 623 310 801 8 767 198 628 580 566 572 
18 493 156 76 33 466 208 788 43 567 518 530 1017 248 781 93 
19 733 149 678 58 636 65 540 172 382 896 564 790 292 327 74 
20 684 758 515 938 640 397 99 962 1022 349 263 367 592 211 762 
21 811 66 923 688 959 601 258 661 133 651 633 394 121 546 36 
22 1008 444 499 418 142 269 69 806 736 1013 575 290 918 298 549 
23 779 965 337 621 534 940 285 225 40 984 369 1006 454 874 585 
24 556 496 664 332 709 789 402 157 866 193 5 539 877 550 502 
25 969 148 153 555 412 186 603 137 802 619 610 927 930 312 181 
26 342 53 207 264 500 438 857 401 617 301 744 541 799 813 425 
27 860 672 573 58 333 376 70 149 724 799 636 246 131 733 569 
28 999 308 751 727 680 460 961 422 360 741 185 346 941 648 869 
29 59 409 350 895 118 699 103 202 329 139 886 704 835 760 641 
30 297 642 594 912 244 183 270 97 254 284 435 588 831 474 796 
31 331 253 503 390 972 347 916 524 487 532 618 340 519 375 735 
32 877 461 480 850 892 664 332 670 709 193 1006 866 789 949 110 
33 493 518 18 653 469 76 526 319 847 622 466 156 1001 248 379 
34 233 313 39 141 992 173 449 809 980 15 79 50 2 72 864 
35 685 862 51 497 227 73 481 193 236 866 789 527 589 1005 558 
36 258 107 264 845 885 541 323 688 455 394 54 725 279 423 953 
37 510 159 880 305 440 840 572 405 55 310 888 511 976 281 767 
38 463 1012 116 508 716 328 681 344 829 596 830 715 122 683 729 
39 173 233 449 34 255 992 313 539 307 141 809 502 79 15 402 
40 940 1006 369 454 533 179 952 157 23 949 621 670 892 937 32 
41 682 584 270 340 97 871 650 129 244 474 777 13 390 513 822 
42 90 411 719 732 246 626 913 881 262 712 309 755 416 836 509 
43 1017 208 221 134 530 947 18 876 75 567 156 788 462 679 1020 
44 697 364 953 423 546 885 739 878 136 106 68 522 924 795 152 
45 407 321 707 396 907 78 597 132 902 882 771 761 184 57 126 
46 3 636 421 678 19 560 172 564 728 986 319 665 58 466 742 
47 126 771 520 275 132 192 477 321 426 439 978 625 772 82 184 
48 711 609 694 96 351 554 958 103 300 846 223 507 812 824 395 
49 911 867 135 908 294 280 245 119 304 283 778 457 209 873 373 
50 809 15 95 531 158 234 859 920 313 161 598 502 957 2 743 
51 35 481 497 227 693 193 866 862 1005 451 685 318 850 789 506 
52 374 343 326 593 104 1021 749 821 408 792 457 734 889 837 987 
53 342 207 26 813 857 401 744 1019 690 500 286 264 799 569 656 
54 447 455 301 848 817 845 995 903 885 763 85 414 668 36 607 
55 511 281 844 510 840 77 767 513 37 572 368 880 623 94 904 
56 1010 248 632 666 567 384 819 530 432 366 679 673 542 176 654 
57 184 330 495 132 934 484 396 275 882 71 761 1009 771 45 407 
58 149 636 19 678 724 27 733 896 205 65 540 327 790 172 672 
59 29 350 895 409 118 202 103 699 842 641 704 329 835 121 199 
60 445 170 359 517 997 798 705 747 955 482 215 696 804 858 512 
61 349 592 515 1022 758 92 365 123 762 765 399 962 613 938 545 
62 786 979 479 576 85 357 303 490 817 256 498 0 293 807 492 
63 430 89 677 783 212 900 764 117 791 238 459 748 384 243 542 
64 983 12 405 726 305 115 888 880 440 159 37 620 165 117 855 
65 896 790 787 205 149 649 525 19 540 93 292 290 724 733 58 
66 725 394 816 162 258 21 832 845 923 36 793 688 323 950 121 
67 659 574 894 471 843 551 429 770 708 127 794 200 228 643 330 
68 498 703 364 953 423 492 697 807 0 695 152 838 136 786 44 
69 418 575 444 499 22 290 1008 128 269 806 427 201 631 191 857 
70 860 27 333 573 131 295 336 314 827 335 672 235 265 316 635 
71 178 1009 951 330 495 387 484 643 57 549 934 551 1013 489 606 
72 431 841 616 516 410 766 130 465 419 216 102 141 195 312 598 
73 685 862 527 381 399 968 236 589 216 10 472 516 935 302 4 
74 382 172 733 226 201 292 339 327 540 837 265 19 113 230 149 
75 208 1014 475 781 221 491 679 1017 489 947 348 640 99 632 211 
76 156 493 18 466 93 208 567 491 530 781 564 33 248 788 918 
77 368 844 55 644 904 513 511 893 676 720 510 932 13 880 129 
78 403 597 321 707 277 45 407 863 424 174 192 902 126 907 627 
79 2 759 964 161 502 598 935 550 15 206 437 531 1018 709 920 
80 562 14 523 596 750 652 797 729 853 830 86 1012 182 412 453 
81 889 338 630 899 585 346 1023 210 209 570 225 922 214 965 961 
82 772 187 84 529 140 426 931 629 625 334 770 357 266 293 442 
83 723 370 588 831 91 324 186 254 181 435 815 1000 610 912 969 
84 529 187 82 271 266 334 426 453 442 772 220 476 467 439 386 
85 817 979 447 786 293 62 848 631 303 607 357 695 625 108 301 
86 182 252 802 774 137 675 926 523 853 25 797 969 80 412 698 
87 985 257 288 1016 425 617 795 106 776 113 924 339 138 226 44 
88 808 891 726 777 13 239 720 240 888 977 584 405 662 615 682 
89 677 384 238 542 366 63 783 430 459 432 828 212 673 1010 748 
90 42 411 719 626 755 732 246 309 836 881 913 712 262 317 509 
91 815 83 435 904 912 370 723 844 831 588 936 800 186 796 124 
92 566 263 8 147 613 1022 962 61 349 123 101 606 561 722 803 
93 491 918 736 76 65 806 564 156 142 290 1008 896 267 499 970 
94 17 870 406 901 281 623 310 767 572 198 801 8 764 831 324 
95 531 652 234 50 920 833 743 15 14 151 809 750 547 797 122 
96 846 554 223 48 609 196 863 699 103 711 903 694 351 329 668 
97 642 244 474 270 682 30 594 297 513 822 948 41 183 991 777 
98 738 795 908 878 276 739 924 138 171 373 283 522 778 910 213 
99 211 784 20 263 561 606 489 938 1022 684 640 1014 758 478 538 
100 559 827 950 309 601 335 336 385 295 635 923 757 70 573 235 
101 921 123 843 538 1022 561 441 478 10 263 659 708 784 471 92 
102 195 766 130 465 841 4 516 619 419 312 927 968 228 933 718 
103 711 223 699 48 96 846 29 554 641 329 59 638 609 694 704 
104 593 457 1021 343 304 52 245 734 408 374 326 949 971 749 230 
105 944 544 528 980 988 634 936 820 864 537 413 197 375 854 769 
106 152 924 570 364 303 697 498 44 87 68 795 492 953 786 479 
107 541 279 323 264 36 425 617 885 688 438 257 697 258 26 985 
108 427 625 293 140 631 931 629 848 575 772 608 85 128 500 357 
109 249 272 483 536 745 839 514 352 975 114 388 400 993 762 721 
110 821 326 823 353 460 420 727 480 578 360 308 892 792 850 298 
111 590 9 120 377 865 354 463 838 38 681 328 910 344 508 116 
112 866 193 960 51 5 789 497 332 496 693 850 664 32 877 481 
113 230 776 288 981 1016 226 87 339 257 294 687 201 74 624 265 
114 721 710 243 791 762 976 748 543 367 459 613 962 975 514 349 
115 165 12 983 117 212 305 1011 557 909 977 219 64 405 440 159 
116 1012 328 38 596 122 453 830 716 508 271 562 681 591 463 829 
117 63 212 976 115 791 430 165 459 89 243 159 12 677 875 658 
118 350 59 29 704 409 895 842 760 6 740 914 939 202 199 103 
119 911 49 756 867 908 276 135 873 166 213 738 98 224 120 283 
120 865 910 111 838 315 9 377 354 590 373 739 492 209 0 276 
121 895 415 409 661 963 59 66 923 29 162 842 835 363 21 394 
122 596 750 328 116 833 1012 562 729 829 652 591 714 14 681 38 
123 399 101 849 1022 302 4 61 516 92 803 216 843 471 10 465 
124 796 356 435 180 912 884 723 91 936 30 698 83 252 581 186 
125 194 909 586 1007 804 706 780 595 165 1011 615 905 282 955 198 
126 47 771 321 192 477 132 520 407 275 45 78 277 978 184 863 
127 708 551 643 921 505 794 659 67 538 843 185 429 228 951 574 
128 941 608 575 794 931 629 444 140 680 108 418 551 69 427 999 
129 270 912 584 41 30 244 884 435 124 368 796 893 97 513 904 
130 766 195 841 102 718 419 312 555 927 619 465 547 468 72 933 
131 296 70 325 3 860 636 27 172 314 46 333 742 58 954 265 
132 184 771 57 275 321 407 45 495 330 126 47 484 396 882 772 
133 633 651 548 414 278 668 455 436 638 258 995 959 136 394 661 
134 1020 221 828 679 530 632 640 43 567 543 367 459 208 1010 75 
135 867 209 373 283 171 911 908 120 245 534 865 98 276 630 910 
136 959 423 546 953 697 68 44 364 885 691 522 455 739 633 688 
137 774 86 182 802 969 853 25 148 252 439 412 186 603 610 523 
138 700 985 242 1016 385 795 878 336 738 87 316 279 687 257 778 
139 692 329 494 760 699 991 300 627 886 358 863 507 780 188 29 
140 931 629 357 625 293 608 772 108 82 187 529 426 442 128 427 
141 410 72 34 992 431 583 616 233 7 169 841 419 236 216 449 
142 736 1008 806 918 549 22 491 290 1014 444 1013 499 418 489 178 
143 378 557 219 879 215 658 261 1011 798 287 595 620 517 170 486 
144 974 433 404 902 150 446 597 907 690 424 707 45 407 656 1019 
145 876 993 462 1 543 43 272 826 1017 134 222 721 856 259 640 
146 417 291 782 488 604 683 273 392 535 645 260 647 972 916 177 
147 566 8 722 92 852 646 894 628 200 574 471 406 606 934 263 
148 969 610 930 153 25 603 137 186 773 181 412 639 933 619 1000 
149 733 540 58 327 790 19 292 896 65 799 724 649 672 205 636 
150 433 974 144 464 752 404 702 1019 805 690 446 907 552 176 393 
151 652 476 743 946 591 874 386 833 334 920 547 648 468 453 95 
152 106 570 924 364 492 498 303 0 479 68 786 703 62 697 838 
153 933 148 603 619 25 467 412 930 969 610 770 555 773 266 639 
154 371 289 224 851 213 756 990 686 522 811 276 691 959 315 878 
155 517 215 705 482 997 317 445 1002 696 509 879 380 929 667 732 
156 76 18 208 493 466 93 567 491 781 530 788 43 75 1017 221 
157 952 556 937 550 940 206 24 40 670 709 179 332 502 1006 984 
158 50 809 234 864 95 996 274 313 15 859 750 14 531 980 797 
159 37 976 305 510 572 880 310 440 840 791 405 117 115 430 501 
160 847 1001 469 653 622 486 898 217 518 16 654 261 143 875 378 
161 598 2 920 531 79 964 468 547 743 15 759 935 1018 718 502 
162 832 963 189 394 746 656 793 845 66 725 763 816 744 509 258 
163 392 647 782 916 645 604 972 996 854 926 581 698 675 291 519 
164 810 919 745 231 669 872 839 236 35 400 229 685 527 753 365 
165 115 212 909 1011 595 12 219 1007 117 977 63 125 305 658 615 
166 590 9 120 111 337 865 534 681 942 910 135 276 315 463 867 
167 250 929 393 391 752 905 955 917 188 358 974 1002 1007 287 482 
168 890 158 854 448 864 163 996 322 565 392 731 714 782 645 729 
169 571 887 7 141 197 992 583 410 34 233 616 229 944 431 105 
170 798 359 60 747 445 517 804 955 1011 215 219 997 705 194 250 
171 373 283 209 924 795 338 570 776 106 630 152 98 910 294 81 
172 74 733 19 382 636 46 265 149 665 728 58 3 540 327 742 
173 39 233 449 34 255 992 539 313 307 402 141 502 809 79 15 
174 450 403 600 707 78 657 801 907 345 646 818 192 45 282 321 
175 563 222 259 602 754 826 947 361 348 475 684 938 397 462 693 
176 432 702 1003 825 819 552 915 673 366 470 150 238 387 752 761 
177 990 967 434 715 344 456 691 443 417 683 463 9 146 686 291 
178 71 951 1009 643 1013 549 489 387 330 495 606 561 551 708 484 
179 533 940 40 369 157 952 1006 332 556 32 949 24 454 664 877 
180 356 124 884 796 347 698 519 581 435 203 503 912 532 928 713 
181 370 927 773 186 1000 610 312 969 83 419 148 930 25 465 723 
182 774 86 137 853 252 675 926 802 523 439 689 80 698 25 412 
183 284 297 642 928 713 244 30 822 991 973 254 474 818 614 507 
184 132 57 495 330 771 275 484 321 45 882 407 772 396 934 71 
185 422 680 751 505 999 360 794 941 127 823 28 551 306 643 741 
186 370 969 723 181 25 802 148 610 83 927 930 137 413 537 312 
187 82 84 529 334 772 629 442 140 931 426 357 271 741 608 770 
188 358 512 886 393 929 494 917 746 627 329 955 167 202 446 482 
189 656 832 763 162 690 401 404 744 845 963 394 1019 793 813 464 
190 307 952 859 157 255 237 937 285 940 984 550 502 565 556 957 
191 624 981 961 346 201 256 288 575 792 608 69 727 999 128 269 
192 277 477 818 403 126 78 321 771 47 174 520 275 863 132 407 
193 866 789 497 664 496 877 709 850 51 332 35 481 227 32 461 
194 125 804 586 706 780 1007 909 955 595 905 358 1011 359 250 917 
195 102 130 766 841 4 619 465 718 933 228 468 312 555 419 968 
196 424 902 863 846 223 597 96 554 763 329 699 494 446 903 78 
197 944 169 988 769 105 571 544 7 932 800 936 820 815 676 241 
198 900 282 345 623 870 764 909 572 430 600 450 310 94 17 783 
199 842 363 835 409 895 350 59 118 202 29 121 415 696 858 914 
200 639 894 628 471 574 580 1000 147 773 275 67 930 659 801 646 
201 339 624 226 269 499 292 69 288 74 191 981 327 540 382 733 
202 409 886 835 512 29 188 59 696 350 895 380 746 482 329 997 
203 906 928 713 689 973 395 956 884 356 958 273 300 698 694 824 
204 612 861 599 814 641 504 661 834 704 320 686 436 842 118 350 
205 787 379 724 649 896 525 65 1004 319 58 819 666 149 678 286 
206 550 437 937 502 670 957 1018 709 79 984 759 2 161 964 461 
207 342 53 744 813 569 26 401 799 264 793 286 1019 690 857 541 
208 75 1017 43 156 221 530 567 781 76 679 947 18 491 134 632 
209 373 283 171 630 338 899 81 135 889 245 534 570 924 865 910 
210 490 256 1023 479 214 570 0 62 922 576 492 354 442 346 899 
211 784 99 538 561 441 478 1013 372 489 1014 263 921 951 606 643 
212 658 165 63 595 1007 117 909 115 219 1011 542 89 430 900 677 
213 224 276 315 739 522 878 98 910 289 865 154 120 756 838 738 
214 922 1023 210 869 225 490 442 256 346 648 899 585 591 529 354 
215 879 517 155 445 261 143 60 287 250 705 997 1002 482 170 798 
216 302 516 399 616 431 410 123 465 72 73 527 849 4 365 803 
217 486 654 16 469 847 248 1010 622 518 653 56 666 542 567 530 
218 768 506 383 637 558 318 1005 227 451 589 472 823 481 381 306 
219 1011 658 595 557 212 165 143 1007 115 798 879 250 977 378 909 
220 830 439 453 426 271 853 266 84 11 716 945 1015 529 897 508 
221 679 134 1020 530 632 828 567 208 75 640 43 1010 367 1017 56 
222 175 259 563 602 826 684 397 947 938 754 462 758 20 1017 640 
223 846 554 96 668 196 638 103 699 903 48 278 711 609 329 863 
224 213 289 276 154 315 739 522 756 691 878 9 990 910 865 371 
225 922 869 585 214 1023 779 591 965 874 346 621 899 648 420 630 
226 339 257 327 74 265 425 201 288 292 733 617 113 1016 540 87 
227 481 1005 497 318 451 506 218 558 768 589 383 850 472 862 51 
228 843 4 429 10 968 637 381 921 127 659 195 67 102 471 708 
229 231 669 992 887 236 583 410 539 164 810 141 7 449 753 571 
230 113 776 981 294 837 457 288 74 1016 226 734 687 339 201 304 
231 229 669 236 583 887 164 810 410 992 753 7 685 527 35 73 
232 579 362 994 785 954 485 742 665 728 734 296 1021 408 560 304 
233 34 39 173 449 992 313 141 255 809 79 539 15 502 2 50 
234 274 797 95 50 14 996 809 531 158 718 920 523 652 80 547 
235 242 336 314 316 873 687 700 757 778 138 827 635 738 70 265 
236 685 73 231 527 410 583 669 35 862 216 229 302 935 399 72 
237 565 322 190 942 337 285 940 23 984 859 952 937 957 369 779 
238 366 384 677 432 89 783 542 521 825 673 915 430 63 900 176 
239 473 808 458 871 582 891 88 650 340 240 41 584 682 914 777 
240 777 615 948 977 706 682 804 747 125 655 194 97 780 359 717 
241 769 988 936 544 129 581 944 124 180 634 91 435 796 912 105 
242 700 336 316 138 687 235 778 1016 985 738 385 827 265 257 559 
243 791 459 748 710 976 721 114 828 367 430 63 783 543 1020 764 
244 474 642 270 97 30 822 183 297 884 594 991 928 912 682 284 
245 457 304 104 343 338 209 593 283 294 889 52 171 280 373 81 
246 732 913 719 881 376 672 42 573 816 27 509 950 966 309 860 
247 660 267 311 564 970 987 382 728 868 749 837 918 93 577 269 
248 1010 56 666 567 530 16 217 632 654 819 518 486 1004 679 469 
249 839 745 400 109 762 483 975 775 365 919 114 592 872 397 514 
250 167 391 905 929 595 1007 955 287 752 393 879 552 658 917 1002 
251 428 177 990 291 599 146 371 417 289 735 967 434 448 715 344 
252 86 675 802 926 182 137 774 523 698 797 186 25 969 853 274 
253 260 972 487 916 524 735 604 146 519 347 417 331 291 647 782 
254 588 324 831 284 723 297 818 83 594 183 801 610 30 580 614 
255 307 173 39 859 233 313 449 190 809 502 34 50 15 550 158 