0 492 1478 3671 3782 1261 1879 479 3741 2083 377 498 354 703 3588 4084 
1 2984 3576 856 2921 2559 462 4039 259 826 872 1540 2659 3257 1383 145 
2 598 79 161 2492 964 2913 2550 3715 2167 1621 2168 759 2019 3513 3987 
3 2863 46 2599 636 1467 2238 2032 1735 1769 3068 421 678 1205 2208 1781 
4 3649 3567 4020 3451 2860 1699 3149 968 228 2067 2801 10 1375 1152 102 
5 1219 3618 960 1520 332 3097 2855 3224 4014 496 866 112 24 664 1347 
6 3722 3244 1155 717 1671 1983 1631 1601 3236 3484 655 2163 3914 2741 3105 
7 3002 4050 1300 2735 583 2254 2703 2946 2967 3538 1139 3983 410 1195 1642 
8 566 2085 1555 3246 2166 2031 1662 2661 1811 3299 2333 2349 2896 147 1832 
9 3125 2398 3643 2620 111 3308 1400 1231 2985 3314 1421 2352 120 3059 3656 
10 381 968 1482 3567 4020 472 3451 228 4 637 921 589 2943 3649 1844 
11 1141 1374 1812 2838 3659 1108 3369 1077 443 2629 2158 2981 1774 3807 1493 
12 983 3723 2717 2750 115 64 2648 2430 3532 2563 3941 305 405 2369 2965 
13 3921 720 777 3680 368 2389 2789 2877 4072 584 1427 1714 513 1882 2152 
14 2734 80 562 2976 3014 750 3714 1149 2600 3391 1461 1177 2837 2776 2587 
15 2798 2000 3889 3725 809 531 50 3635 1588 1612 1687 2492 3938 502 3816 
16 2061 3435 2195 2971 2596 1118 2566 1926 666 2458 486 2708 654 217 1924 
17 94 1978 2485 2876 406 3396 870 3076 1833 901 1577 2349 1354 1087 2903 
18 493 1093 3408 156 3354 76 2406 3681 3735 4089 3233 1088 3111 3375 3502 
19 2853 1719 2655 3670 1629 1333 2050 2664 2115 2259 2206 733 2942 1842 149 
20 3003 1980 2466 684 758 515 938 2932 640 2868 397 99 1766 2604 3572 
21 2910 3165 2535 3217 811 4082 1479 2261 2895 1867 3317 1872 3862 1822 3678 
22 2341 2732 3372 4013 1008 3810 2562 3732 3133 3752 2872 3344 444 1459 1290 
23 1164 2348 2256 2275 2859 779 3856 965 3464 1988 2528 3593 3173 3700 337 
24 4014 2978 556 1520 1347 1415 496 664 332 3618 2890 709 3621 789 1219 
25 3312 2141 969 1325 3187 3332 4062 148 3206 2040 1536 2770 3178 153 555 
26 2072 2906 2251 2327 3444 3568 1025 2724 4078 3814 342 2892 53 2144 1814 
27 1150 1724 3945 2955 1182 3569 2280 2058 860 1590 2142 1537 3405 4069 672 
28 4057 3093 1156 999 308 751 4056 1100 727 4088 680 3767 460 1877 2013 
29 59 1376 1665 2179 1198 2382 3712 409 1925 1024 3580 350 2640 2172 1615 
30 297 3509 3594 3803 1754 1041 642 594 3042 912 244 1298 2087 3694 2048 
31 1046 2897 2856 2739 1489 331 1031 3462 1052 3626 3095 2304 1384 3309 3446 
32 877 1199 3454 461 1373 1637 2199 1574 1317 3845 480 1736 2404 4065 850 
33 3408 1209 1661 493 518 3693 3233 3735 18 2708 4089 1134 653 2754 3502 
34 3826 233 3498 1371 2744 313 2799 3200 3134 39 1221 141 2935 2326 3414 
35 3065 685 2239 862 1080 51 3295 2217 3529 3738 497 1565 3740 3067 1787 
36 1448 1244 3335 3437 258 1416 1460 107 2169 264 845 2944 885 3886 1314 
37 2365 510 3963 159 880 305 2611 440 1888 2103 2965 1392 1820 3685 3833 
38 3504 1050 3144 463 2704 1012 1306 1493 1977 116 3422 508 4064 1486 716 
39 173 233 3414 3826 449 3640 34 2744 2862 2337 3498 2326 255 2935 992 
40 1786 3267 940 1006 369 2467 1163 3688 1772 1707 1988 2055 454 3901 2528 
41 2150 2854 682 584 2066 270 1427 3921 1123 3051 340 2087 3850 2877 2053 
42 90 2721 1521 411 3838 719 3997 3596 732 246 4066 1426 1968 2386 3287 
43 1017 3231 1500 4087 3681 208 2786 1185 2911 2782 3354 2460 2882 2504 2231 
44 1567 3114 697 2695 1225 364 1398 3429 4010 3731 2944 953 423 3306 546 
45 407 2441 321 707 3109 1305 3062 2375 3126 1054 2900 3029 2346 396 2127 
46 2863 3 636 421 1467 678 1848 2208 1205 2032 1053 2942 1737 1769 1633 
47 1438 3971 126 1125 3245 2318 2808 771 1226 3827 1358 1593 1596 3937 4038 
48 711 3719 609 1571 694 3802 2989 3985 1418 2578 2537 3166 2815 2645 2515 
49 911 2105 2416 1142 867 1729 3377 2884 2658 135 2037 908 1850 3259 3555 
50 809 3889 1588 2798 15 3725 2000 1881 1687 3764 95 3915 531 158 1465 
51 1565 3876 3295 2119 3065 3755 35 481 4022 497 2239 1608 2628 227 2790 
52 3720 3273 3130 374 3511 343 1449 2499 3759 326 3899 1386 593 1974 3809 
53 342 3944 1892 2327 1866 3444 2251 207 1025 2826 3000 26 2892 3547 813 
54 3674 1771 1899 3101 2811 1227 3380 447 1940 455 3115 3623 3578 301 3327 
55 511 2818 2743 3842 3465 3418 2422 1967 3963 3935 1916 2342 1173 1179 281 
56 1010 2939 2820 2429 2484 2606 2566 248 1756 1508 1975 1320 3127 632 666 
57 3855 184 330 495 2902 2672 2001 1856 132 2154 2375 3582 2690 1525 1538 
58 2997 1629 3670 149 1150 1913 2259 2050 3877 3159 1182 636 1407 3945 19 
59 1198 29 1376 2382 350 895 3712 1665 409 3580 1615 1925 2640 2880 118 
60 2246 1828 445 170 359 2207 3763 3124 1749 517 997 798 2613 705 747 
61 1369 1488 3440 349 2780 1232 3517 1806 1136 592 2027 3394 1030 515 1022 
62 786 1551 1619 3489 979 479 3658 2445 2553 2889 2796 2848 1879 4084 1261 
63 3792 2388 430 3203 1863 1550 89 677 1494 3395 1102 783 212 900 3675 
64 983 3532 12 3723 2487 3595 2750 3079 2869 405 2717 726 2965 305 3941 
65 896 2522 2664 1854 2259 2516 1849 1333 3670 2299 2655 790 2050 1954 787 
66 3678 1592 1598 2832 1822 2347 2680 4082 1606 2895 4040 3317 1561 1902 725 
67 3063 2588 659 574 2220 2378 894 4042 3634 2154 3582 471 843 551 1669 
68 3639 3284 498 703 3588 364 3402 3006 1879 2130 1567 953 423 4084 492 
69 3520 3810 3779 3133 1741 3180 418 1290 575 2732 1193 444 1459 2194 1938 
70 3405 2474 2045 860 3638 2058 3569 1724 3976 3190 2968 27 3223 3478 1590 
71 3773 2541 178 1009 1898 2225 3537 1538 4036 3542 951 1779 3557 1624 3282 
72 431 3710 3954 1678 841 2264 1195 3142 616 2019 3983 2967 1992 2490 516 
73 3908 3301 685 3858 2801 862 1915 527 381 3067 3451 2477 1272 2096 399 
74 3543 2530 3743 4093 2777 2196 3892 1842 1927 3279 382 2115 1313 3762 3330 
75 1271 1972 1170 2231 4079 1382 2634 3558 3897 1841 208 1393 3766 1014 1652 
76 156 4089 3111 3375 493 2406 3233 2745 3140 18 1088 3887 3354 1841 3681 
77 3964 368 1546 1714 2152 4045 2678 2818 844 2558 1357 3935 55 644 904 
78 2812 1078 403 3126 2127 3040 3772 597 3463 2242 2804 1423 3497 2022 1594 
79 2 759 964 1835 1612 161 2492 502 3987 598 2167 3715 3621 2550 935 
80 1461 2600 562 2949 2734 1743 14 523 3391 1562 1973 2353 3550 2996 1149 
81 3834 889 2315 1994 338 2554 1311 2470 630 899 2046 2379 585 2176 1406 
82 2099 1035 3176 772 3338 187 3967 2266 1970 3770 2551 2830 2468 2886 3152 
83 1838 1089 1062 3794 723 1492 370 1249 588 1634 2454 831 3361 3840 3047 
84 3213 2090 3481 3967 2991 3176 3171 529 187 2314 3770 3252 3145 2099 82 
85 1180 3012 817 1997 979 3648 1764 2889 2841 447 3386 786 3380 2282 2796 
86 2494 1893 3501 182 1758 3400 3120 252 1131 802 1397 1083 774 137 3748 
87 2638 985 3824 2292 2688 257 2237 3881 288 1016 1160 4010 3281 425 1099 
88 808 3884 2789 4003 891 3680 3811 2390 3751 4023 3548 3057 3910 3480 4072 
89 1550 677 1102 3203 2388 384 3792 238 1863 542 366 63 3835 1756 1372 
90 42 1521 411 2721 1559 3838 1734 4037 2836 2386 719 2024 626 1968 755 
91 1492 1634 3010 2243 1838 3817 1941 1807 815 1839 83 3794 3047 3110 1251 
92 3299 2896 1662 1555 2580 566 2085 2923 263 1811 2604 8 1806 2333 1076 
93 3434 1954 2683 2392 3599 3887 3078 3530 491 2522 3270 918 2753 2294 2589 
94 17 870 3396 1833 1577 2876 1978 2485 3076 406 1354 3797 1628 901 1796 
95 2041 1177 1165 1465 2776 2000 1952 3635 1794 2976 531 652 234 3915 1617 
96 846 2537 554 223 2989 2102 1513 1907 2515 2793 3802 2844 2858 1963 1144 
97 2440 1211 2417 1998 642 3272 2087 244 474 2718 1336 2053 270 682 2389 
98 2401 1918 3461 738 795 2709 2608 4046 2847 1099 3704 3830 2298 908 878 
99 2466 3572 1296 211 3003 1604 784 1980 3766 20 263 561 1393 1914 2604 
100 2547 1802 3829 2990 2676 2476 2520 2974 3466 2121 3294 2607 3190 1582 2496 
101 2670 1844 3769 1469 3701 2146 3107 2580 921 123 843 2320 1192 538 1297 
102 195 3149 4030 3552 766 2662 1065 3711 1152 1992 130 1377 2067 465 1699 
103 1499 2989 2844 3719 2640 711 3371 223 699 1615 2185 48 2793 3580 96 
104 2499 593 1135 3899 3622 3046 2233 2873 457 1021 343 3720 304 3007 3708 
105 2021 944 544 3540 3691 2603 3999 528 2668 980 2821 988 2057 634 2867 
106 152 924 2237 3603 3881 2030 3824 3731 3741 1117 570 364 4084 1112 303 
107 2169 541 3335 279 1448 1115 1460 2944 323 264 36 3429 1982 4078 1416 
108 3227 1688 3321 2405 2710 1815 2534 427 3645 2140 3214 625 1638 1051 3996 
109 1801 1443 2576 3491 249 3276 2330 4095 2269 2245 272 1700 1133 1752 1343 
110 2149 2091 3254 1748 1979 821 1034 2907 2644 1476 2899 3662 326 823 353 
111 3643 1400 2352 2182 2601 3617 3167 2620 2257 1486 590 9 3969 3589 1166 
112 1895 3994 1111 3224 2498 1608 3632 1565 2189 4022 1874 1373 866 3965 2408 
113 3690 1682 3129 1412 2688 230 1509 1345 776 2722 3892 1082 3900 1673 288 
114 2394 3432 1032 1701 1808 1236 2423 721 710 3340 2018 3793 243 1275 791 
115 165 2369 2430 2563 2717 12 2648 2750 3495 1630 3723 3500 1129 983 117 
116 3422 1012 328 3790 4064 3144 4004 1977 1306 3455 3179 38 596 122 1684 
117 3092 2306 1494 2113 2361 3203 1960 2369 63 3792 3736 2544 1685 212 1863 
118 350 3712 3285 3119 1615 1198 59 29 704 2382 3112 1826 1490 1376 3695 
119 911 49 2073 2205 2216 756 867 1850 3555 2713 1932 908 2400 3753 276 
120 4002 865 1166 1284 1917 3125 2730 3656 1342 910 2182 2352 2620 3643 3059 
121 3979 1462 3560 1220 3953 2519 1625 1230 1091 2768 2895 895 1606 1698 3880 
122 3455 3044 596 3422 2837 3391 3071 2461 750 3646 328 116 833 1583 3014 
123 3663 2320 1527 3031 2258 2780 3602 399 3440 101 2027 849 1488 1469 2146 
124 796 2281 356 2457 435 2630 180 912 2478 1962 2243 4048 3667 3047 2187 
125 3073 194 1961 1935 2864 2316 2823 1535 909 2421 586 1176 3277 2491 3500 
126 1125 1226 3245 1596 47 1438 771 2808 2011 3411 3971 3937 321 1452 3029 
127 708 2296 2319 551 3182 643 1669 921 3634 1627 505 3433 794 3661 659 
128 3737 3364 1938 1747 3996 941 608 1158 575 3728 3441 1290 1459 2140 2446 
129 3850 1882 2077 1647 3155 1942 2630 3310 270 2877 2087 2157 2152 1410 3509 
130 4030 3496 766 195 841 2283 102 718 3825 1548 419 312 1377 1065 2662 
131 1285 1287 296 2058 3068 2032 2599 1735 3405 1467 1744 3223 3945 3684 70 
132 2672 1856 184 1305 771 1309 4025 57 1358 2375 275 1226 2865 321 1931 
133 4019 633 651 2054 548 414 2364 1872 3021 278 1413 1603 2951 668 1636 
134 2782 1020 221 2786 3265 4035 4087 1859 3515 1185 828 1670 1501 679 2291 
135 867 2570 3377 1686 2372 209 1850 2713 373 2884 283 2636 171 1284 1038 
136 1782 3402 3382 3488 1215 1936 3848 1636 959 423 2241 546 2951 1413 3114 
137 3518 2509 1758 1893 3332 3120 1650 2494 3206 3501 774 3400 2221 1503 2141 
138 2321 700 1587 2650 3281 2472 985 2966 2298 2293 3541 2292 4010 3704 3832 
139 3383 1340 1368 3197 1680 3695 2336 692 329 2015 1732 2070 494 2555 2185 
140 931 629 2830 3356 3913 1970 1158 1132 357 2459 1474 3933 2534 2446 625 
141 1371 3710 3954 3134 1195 2992 3592 1678 3525 1300 1632 2967 2935 2254 410 
142 1993 736 1008 2679 806 3752 3530 918 549 1196 1270 2677 3275 3372 3220 
143 3226 2147 2994 1228 378 3218 3177 4091 1709 2014 1332 557 219 879 2363 
144 974 2737 433 2236 3123 2956 2435 3962 4008 404 902 1255 150 446 1762 
145 876 2084 2197 993 2504 3135 1900 2171 2921 1265 2882 2911 3339 1540 3576 
146 417 291 3373 1934 2056 1586 1775 3864 1224 782 2120 488 2068 1319 2612 
147 2333 2923 1996 3758 3246 566 1793 1555 2673 2803 3025 8 1352 4092 1811 
148 2770 969 2581 610 930 2040 153 2548 3083 3403 25 1325 3206 1047 3312 
149 2050 1913 3146 1629 733 3670 540 1407 2259 3066 58 1719 1854 327 3082 
150 2956 1515 2453 2236 1422 2692 1989 433 3609 2737 2312 2748 1167 4008 974 
151 1843 3247 1364 1451 2649 2654 652 476 2464 743 1830 1790 3212 2290 1140 
152 106 3741 2030 3603 3782 570 4084 924 3588 1879 1117 3639 2237 1424 3554 
153 2040 2893 2548 2581 1047 4062 933 2177 2481 148 603 1286 619 1512 2770 
154 371 289 2767 3514 3551 1248 224 2311 1304 3893 851 2545 3154 2343 2759 
155 1048 1929 1569 1417 517 2948 1280 3788 215 1477 705 2540 2214 1995 2381 
156 76 3111 3375 2745 3140 3354 1088 3681 2406 1841 4089 18 208 493 1145 
157 952 1656 2467 3901 556 1651 1415 3874 1351 3688 1279 937 550 2978 1786 
158 1881 3947 2075 1465 50 2402 809 3549 234 1952 3915 2976 1177 3889 864 
159 3833 37 1820 976 1888 2365 305 1392 3153 2103 3963 510 572 2611 2369 
160 2825 3020 847 1001 469 653 622 1134 3358 1118 2088 2289 2458 1661 486 
161 598 2 3513 1621 2004 2550 2913 2492 2736 920 531 3816 2168 79 3715 
162 832 3108 1876 2071 3970 2598 3880 963 1246 189 1644 1606 4058 1681 394 
163 392 1664 647 1387 2442 3841 2632 1319 3090 3676 782 2310 1693 1783 3291 
164 810 3091 1711 1277 919 2538 1080 2617 1716 3529 2633 3185 745 231 669 
165 3500 115 2369 2430 1630 2959 212 909 2094 1463 2563 3495 1011 1935 3633 
166 3575 4000 2418 3314 2279 2529 3805 3589 2183 590 4005 9 3656 2271 1932 
167 3852 3367 1487 250 929 3202 1517 1692 2757 3113 1971 3916 393 1911 1514 
168 890 3221 3989 2922 3549 3319 3398 2505 2133 1840 1294 3523 3696 2592 158 
169 1157 2992 2254 1632 1312 1221 571 3592 887 1557 1642 1139 2387 3200 3002 
170 798 1828 359 3249 1749 60 3570 747 1362 2246 2207 2613 3477 2431 445 
171 373 283 4046 2211 2455 1112 1950 209 1424 1082 2919 1160 2200 3359 1099 
172 2115 2777 3762 1313 3743 1719 1578 74 3330 3543 1633 4093 1629 3684 1842 
173 39 3414 233 3640 2862 449 2337 3826 34 2744 255 3498 2326 2935 992 
174 1990 2202 2426 1641 3664 3497 450 1594 1245 403 1073 3627 2925 1654 3352 
175 1757 563 2174 222 1307 3872 1324 259 3755 2760 602 754 2119 3949 4039 
176 2941 1549 3258 1095 3857 2579 2878 3004 2807 432 3846 2438 702 1057 1402 
177 1803 3005 3385 990 967 1947 434 4073 1645 3918 3102 3902 1356 1775 715 
178 3773 71 951 3557 1624 2541 1009 2225 3282 4036 3537 3631 1401 1898 1538 
179 533 1351 1181 1786 2404 2467 940 40 1036 369 157 1739 3727 952 2480 
180 1495 2506 1962 356 124 2260 2927 884 3709 2630 796 2281 347 1278 2457 
181 3604 3990 2454 370 3546 2702 927 1325 1597 773 3794 1937 3840 186 1751 
182 2494 3120 774 86 1893 1233 2887 1083 1758 2742 3501 1131 1503 137 3748 
183 4085 1041 3694 3450 284 1298 3326 4041 1999 3351 1247 2188 3442 1349 297 
184 2672 1856 132 57 4025 3855 495 2902 1305 1437 2154 330 2865 1309 3582 
185 2367 1068 1446 422 2126 1852 3019 3767 680 2296 751 1765 1114 2622 2747 
186 3280 3990 4021 3048 3604 1089 370 3667 969 3840 3312 2080 723 3794 4060 
187 3770 3967 82 2090 2099 1613 84 3176 1970 529 3213 2991 3252 334 3116 
188 2995 2278 1911 2774 3118 3636 2665 1442 1817 358 1692 1105 512 886 1109 
189 1246 656 832 2598 3970 3239 1829 4068 763 1876 4052 3108 2339 2569 1433 
190 3195 1420 2303 3283 1905 3874 307 2593 1656 952 1310 1351 859 157 255 
191 1067 3847 3573 1623 1193 3993 2272 2733 624 2194 3169 3013 2936 1523 2738 
192 1788 1119 2011 3256 2816 277 3040 3772 1596 1316 1593 2065 3497 3174 477 
193 866 2408 789 1565 3224 497 2840 664 496 3454 3295 877 1895 2159 3845 
194 2823 1535 125 1176 1961 2864 3073 2491 804 1935 586 3616 1745 3277 2316 
195 102 3149 4030 2662 1377 3711 130 1065 766 3552 1375 1699 3825 1152 1992 
196 2029 2691 1338 1361 1957 1963 424 3103 2858 2621 902 1575 2475 2324 1762 
197 3928 1157 4001 1642 1139 1379 944 3780 169 988 3854 2946 2178 2387 2254 
198 1174 1235 2775 3959 900 3460 1087 282 2852 1040 2924 345 3706 3633 3819 
199 1658 842 1490 363 1171 3016 1873 835 3204 3784 1826 3950 2792 2953 3977 
200 3117 2044 2725 3879 639 2165 894 1910 1996 2010 1352 2437 628 471 2954 
201 2124 2323 2272 3180 1273 1695 2196 339 1206 1845 2531 2107 3900 3734 2930 
202 1792 1425 1925 3636 409 2880 886 3977 2806 2179 2278 835 2172 512 2995 
203 3508 2250 2977 3925 3064 3387 3539 1283 906 1635 928 713 2187 1691 689 
204 612 1823 2586 1327 861 2526 3088 2831 599 814 2247 3533 2383 641 2699 
205 1391 1767 3159 787 379 724 649 2299 2756 2224 1542 896 525 2516 2259 
206 1279 1455 3607 550 3987 437 3938 3186 3579 937 1612 502 4054 1350 670 
207 3547 2327 1218 1025 1892 342 3562 2892 3000 2251 53 2761 3944 744 3568 
208 3558 3681 4079 1841 1972 3375 1088 3111 3354 2231 1145 2745 1271 75 1017 
209 2379 1038 2455 373 2524 3527 283 171 2919 2636 1726 2211 630 3697 1213 
210 1904 3293 490 256 2083 3745 1434 1184 1478 1023 3436 3673 3671 2848 3292 
211 784 1604 1276 99 2069 1063 538 561 1296 3868 3701 3766 3769 1401 3572 
212 3395 2647 2094 3806 2764 3495 3792 658 165 63 2959 2727 595 1086 1494 
213 224 3923 2767 3514 2008 276 2908 3485 315 739 2712 1918 3830 2964 2205 
214 922 1075 2729 1023 3260 2970 2594 3436 3292 210 1904 869 1944 2682 225 
215 3218 879 1228 1477 1280 517 3052 1569 1929 1885 2014 155 3733 1511 2431 
216 2096 302 2062 516 3908 2674 1272 1527 3983 1901 399 616 3045 3663 3757 
217 486 2458 2751 3039 654 2962 1118 2845 2566 16 469 2195 847 248 3978 
218 2137 768 3946 4081 506 383 1229 637 558 318 2666 2834 2513 1005 1223 
219 3177 1891 2363 1011 2094 3495 1086 658 1267 595 2952 4091 2647 557 2563 
220 3250 3778 2158 3290 1154 1124 830 2838 3193 2779 2098 3145 1077 439 2629 
221 4035 2786 679 134 1725 3515 2782 1670 1020 3265 4079 1185 1320 4087 530 
222 2174 1324 175 1757 1307 1554 4039 259 563 602 3416 826 1540 1945 684 
223 846 554 96 2102 2858 1907 2537 2793 2844 1963 2989 1534 1266 2475 1568 
224 2767 3514 213 3923 3485 2008 2908 289 2712 3424 276 154 3215 3210 315 
225 1944 3584 1507 922 1075 1202 1274 3713 2328 2501 1288 1920 869 585 214 
226 339 3892 2323 2539 4093 3867 3543 3147 1273 2638 1682 4053 2530 1509 1845 
227 481 3295 2950 1005 2350 2239 3799 1295 2937 3946 2137 3313 497 1223 318 
228 1375 4020 1699 3370 1482 843 4 429 3649 2943 3096 3032 10 968 3149 
229 4077 231 669 1716 3798 1728 2800 3219 2633 3091 992 1072 1277 887 2935 
230 3129 3690 113 1682 1509 1412 3956 2226 1673 776 2407 2846 2688 1208 3374 
231 4077 1716 229 669 2633 3798 3091 1277 3469 236 1081 2800 583 1711 1080 
232 3262 3785 3992 579 362 994 785 954 2286 4029 485 742 2313 2110 1908 
233 3826 34 39 3498 2744 3414 173 2326 449 2935 1371 3134 992 3640 313 
234 3915 1177 2624 2776 2075 3764 274 1465 1161 1165 797 1939 1588 4055 1060 
235 3305 2651 3976 242 3926 2496 1703 336 2917 314 1370 3322 316 873 1085 
236 3469 1901 1081 3798 3132 2824 3998 685 1080 73 3289 3908 1716 2062 231 
237 1710 1905 565 3499 3357 2592 322 1675 1294 3311 3195 3874 190 3696 3721 
238 366 384 677 1550 1372 432 89 2714 3857 2230 2606 1095 1618 1909 3033 
239 4003 473 2726 3480 3910 808 3686 458 2552 3057 1123 3404 3811 871 582 
240 1254 1609 1959 1784 2615 3243 3981 3277 1362 2864 1689 2582 2791 2184 2417 
241 1169 3652 2857 769 1410 2077 2191 1962 1379 1278 988 3355 3909 3310 1839 
242 700 2321 3322 336 2966 1587 1085 316 138 3704 687 3505 3305 235 2472 
243 791 3675 459 748 1960 1236 3835 1863 710 1330 2544 2394 2234 976 721 
244 474 1041 642 2718 3051 3565 270 2817 97 2087 3272 30 822 2157 2053 
245 1213 457 2227 2037 2711 2846 1208 2884 3957 304 2873 3708 2499 1135 3259 
246 3838 1353 4066 732 4028 1366 913 3596 2192 2721 2701 3974 3011 719 2850 
247 1104 2331 660 3503 1861 267 1187 1605 2204 3610 311 3078 2164 4031 2686 
248 3641 3865 1010 3127 2566 56 3502 666 567 2428 2195 2751 3435 2962 3039 
249 2330 2576 1133 3276 2245 839 1530 3984 745 1491 400 2957 2357 2081 1445 
250 3113 3367 167 2413 3202 3852 1971 1746 1514 1487 3052 2999 1517 391 905 
251 3860 428 3102 3362 3581 2973 2469 2203 3373 1798 177 1803 2473 990 2759 
252 2766 1131 3501 86 675 802 3400 2456 926 1066 1893 1083 2302 2494 3748 
253 1203 2493 3739 2706 260 3988 2794 3864 972 487 916 2829 2358 1934 524 
254 1247 3399 1249 1984 588 2270 1754 1298 3216 2048 324 1858 3042 3694 831 
255 2814 2593 2337 307 3283 173 39 3640 2303 2744 859 2862 1420 233 3498 
256 490 1184 1904 210 3292 3745 2848 2445 3436 3658 3930 2252 1619 3933 479 
257 2638 425 2034 2605 3837 617 87 1016 2539 985 2472 4053 3808 1115 226 
258 3886 1244 3437 36 845 394 1227 1448 3335 3317 1949 2951 3678 2347 1314 
259 826 4039 754 3163 2174 175 222 3415 2300 2559 462 361 1324 1757 3576 
260 2358 1323 487 2301 3334 1203 524 3086 2829 3050 3754 3988 3739 1212 253 
261 2705 2871 3228 1332 2971 3237 2918 879 1547 287 2025 3733 1885 1280 3278 
262 3997 3253 3381 3747 1590 3596 4066 2721 2797 1797 2968 2335 3974 1744 2192 
263 3572 2580 1296 2604 561 606 2670 92 3769 99 3107 2564 2896 1022 2146 
264 1460 3568 4078 2724 1153 3653 541 2892 323 3000 2251 2072 107 3336 3968 
265 2755 1696 2028 2043 1216 3684 1578 1789 4067 333 3478 316 1313 3762 2605 
266 1510 2181 3574 3296 2479 3171 2253 4015 412 603 2443 439 1207 3242 467 
267 1861 1104 2686 247 1380 1933 3078 970 3898 311 3583 2164 2294 2331 1187 
268 2623 1059 982 1308 3018 3225 3707 3564 3668 2602 788 1991 3625 611 3960 
269 3344 2562 1206 3732 2341 3898 499 3302 3158 1450 3810 1785 3475 3133 3372 
270 2087 244 1647 3051 97 2877 2157 3565 41 1882 682 30 474 2150 2389 
271 3468 453 3145 1485 2778 2697 3481 830 2991 3099 3213 529 2090 3778 3407 
272 4095 1265 2171 1752 2921 993 1443 1700 3519 352 3276 2197 109 145 1900 
273 488 2068 956 535 3397 2609 3304 3348 3038 1212 3925 3064 2047 3208 3828 
274 1161 4055 2624 3271 234 1137 797 996 1149 1060 3915 1524 2075 1177 3550 
275 1966 3061 2452 3812 1931 1856 1712 771 132 2672 4025 2378 1512 2639 2954 
276 213 2205 2713 1850 1932 1918 98 3923 3656 2401 2847 3485 908 3555 224 
277 2816 3772 3040 1119 192 3702 1648 403 477 1788 2812 3651 818 2092 3729 
278 3021 548 414 1266 2785 3379 668 3365 1045 995 1568 1603 2054 2364 3611 
279 1115 3445 107 541 1055 323 1985 1982 4047 1103 3968 3306 3837 2472 425 
280 3815 1742 3851 2132 2411 1092 2416 2873 454 3708 971 1135 2277 245 3046 
281 1354 2002 3418 1628 3797 2909 767 1833 94 901 3842 1916 3037 17 406 
282 3959 345 1174 2488 3026 1799 198 1235 3627 2852 3460 2775 1763 600 2925 
283 171 373 4046 2455 3359 209 2200 1082 2211 1112 1950 1160 1424 2919 1686 
284 4085 3694 1298 1984 1247 183 1999 2270 3326 3442 3742 1648 818 4041 3216 
285 984 1529 957 3173 937 1344 3700 3966 3920 4054 1310 3234 3591 1064 2568 
286 3885 3060 3672 2787 1776 3448 3547 2425 813 799 569 3082 2410 1183 2761 
287 2871 2918 3733 1746 2025 3237 3228 3202 3240 1971 2575 3194 3113 2100 1958 
288 1273 1390 4053 3824 2688 339 2272 87 2237 2323 1345 617 2638 2539 2107 
289 154 2767 224 3424 371 3485 3551 3514 990 3893 213 1947 1304 2712 3923 
290 806 2969 1741 3148 3393 2325 1196 1008 2039 3133 2614 3168 3734 3459 3599 
291 146 782 417 3918 1871 1775 1586 3373 2056 2612 3864 3291 3090 3315 683 
292 1130 540 1679 1845 4094 2359 3066 1836 327 790 3279 3146 733 1695 3147 
293 2534 3648 3904 625 3321 3913 2839 1132 3356 3789 1997 1291 3227 357 140 
294 3259 3359 1753 2200 776 2658 3363 2722 2227 1097 778 2037 2846 3690 2884 
295 3535 2520 3190 1797 1968 2045 3287 2968 3614 70 635 3141 860 3655 1802 
296 3068 131 2032 1735 1467 1287 325 1285 2599 2863 742 3 1205 1781 954 
297 3042 2048 30 594 2351 3694 1298 1754 2270 1041 642 1247 3803 3594 4085 
298 2675 1721 2975 3973 3158 2763 1785 3248 1964 353 1667 3019 1114 1471 1348 
299 3600 3822 1541 2561 2335 1558 1201 3747 2653 712 1116 1256 3381 3939 3687 
300 1816 2131 507 2555 3412 3058 3683 694 1923 3985 2007 3351 2988 3802 2667 
301 1810 3192 1940 3049 500 848 1638 3170 1899 2841 2627 3380 3623 3327 447 
302 216 2062 1272 3045 2096 2027 1527 399 3663 2674 3908 3517 1232 3031 3757 
303 3264 3689 2553 2796 3489 1504 1764 786 3012 4084 1619 2889 3881 979 1180 
304 457 1042 3622 3007 2873 2846 1208 104 593 2499 2227 245 2037 1135 2233 
305 2965 440 405 1148 880 2940 2103 3723 37 2611 3079 888 2430 1129 159 
306 3349 587 360 355 2879 4070 1326 1552 2899 2106 2508 422 2013 1034 1058 
307 2593 2337 1420 2303 255 190 3283 2862 3195 1656 1835 502 2814 24 1612 
308 460 3093 28 1655 4057 1476 4070 1156 727 2013 1292 2899 360 999 751 
309 3655 2386 2974 2156 1214 3466 3614 2024 1813 2676 950 1563 4028 2701 2520 
310 1122 1454 2924 1888 3396 870 3797 572 2002 1833 94 2982 2827 1475 1628 
311 3583 2038 3331 1933 868 1187 4031 2686 1104 1861 267 2331 3122 3342 987 
312 1751 2283 419 927 3178 555 130 766 3493 841 1325 1065 1252 718 3825 
313 3498 2799 34 3640 864 2744 2402 809 980 233 3826 2821 3200 2668 1371 
314 2917 1370 2409 1825 3976 235 3223 4067 2028 2651 3028 3305 2565 316 3322 
315 3923 2964 1061 2985 739 910 1516 3136 838 2698 1917 865 3308 3156 2712 
316 2966 687 2043 3322 2783 242 265 1016 4067 700 2755 1587 336 2472 1825 
317 1079 2415 2214 1048 2836 1595 836 858 696 155 705 3650 1556 997 1128 
318 4081 2631 3948 2950 2155 506 1005 2137 2937 1295 3799 451 2834 227 218 
319 2436 986 2511 2143 678 1737 1378 3724 2299 3233 2997 3159 2853 421 3458 
320 1666 2510 3112 1906 1965 3606 389 740 3285 3950 704 914 504 2831 118 
321 407 45 3126 2441 1305 1226 3029 3062 771 1596 126 78 132 2324 1452 
322 565 3624 942 3696 1294 3234 3499 1583 1064 2461 1355 3920 3888 3044 1952 
323 541 3336 3653 1460 1153 3968 264 1672 1985 107 1982 1553 279 4047 725 
324 1706 3399 2881 588 3619 831 3586 254 2833 1268 2307 2903 580 1896 3361 
325 1744 2599 3068 3781 1287 1781 2238 296 131 3 2032 1735 3141 1769 2863 
326 2644 1748 1449 3273 1570 3254 3511 1386 2149 2091 3074 52 110 892 821 
327 3066 3147 1130 1836 3867 3146 540 292 3279 2193 1845 733 2518 3330 4093 
328 116 3422 3455 4004 1306 4064 1012 2368 3790 1977 2933 122 3144 38 1607 
329 1732 2185 699 1560 2172 1024 1857 1340 494 2844 1513 2618 2179 139 2621 
330 3855 2690 57 495 1538 1259 3582 4042 2154 2541 1525 2902 1009 184 934 
331 1031 1489 2856 1384 3355 3309 3089 972 3626 1278 2506 347 916 2794 3095 
332 664 1415 556 2404 4014 24 2978 1520 877 496 1199 32 789 2890 709 
333 1789 3478 2142 1216 3569 2755 2043 3684 3945 1103 265 2028 1578 2605 3679 
334 3116 1194 2314 1613 3252 1855 3776 2525 3300 3577 3407 3212 3770 187 2991 
335 1946 1985 2395 1582 827 1055 3294 2284 950 4047 1902 3679 3445 3870 573 
336 3870 700 242 3832 3305 827 2496 3505 3294 1946 316 2395 3976 2321 3926 
337 3593 1044 2859 2240 3796 4018 3464 534 2597 2656 23 2348 3499 2271 2256 
338 2315 1311 889 81 2046 1994 2455 2470 3957 3834 1853 2554 2379 1406 2176 
339 2323 1273 2539 226 4053 2107 2124 201 288 3892 1814 1845 2531 3867 3808 
340 3705 584 2854 2066 871 41 390 1123 2979 2150 650 2136 3850 1052 2898 
341 2308 2685 1921 775 1599 765 2771 3544 975 3597 2674 545 2198 3269 2081 
342 53 3944 1892 2327 2251 207 3000 2892 1025 3562 3444 2826 1866 3547 26 
343 3511 3708 2499 3046 2116 52 3273 1135 1151 104 3791 3130 1406 3929 3720 
344 715 3005 2905 1774 434 3912 3315 1589 1356 1486 2704 3807 463 443 2059 
345 282 2852 3959 2488 1799 1174 1928 3982 3026 450 3911 900 3627 198 3664 
346 2252 2501 2970 961 3292 869 1655 3013 4056 2554 1023 1292 3834 3930 3093 
347 3309 519 2506 3089 3709 1384 503 1495 2260 180 532 1717 1278 2927 3446 
348 475 2805 3430 3949 1652 3121 372 3872 3598 2634 3868 2223 1074 1640 998 
349 1369 515 1806 1030 61 2932 1488 1136 758 592 1022 2604 3440 962 762 
350 118 3712 59 1198 3119 2382 29 3285 1490 1615 1826 409 1376 895 1925 
351 3166 958 1878 3085 609 3844 2515 3804 694 3058 824 1409 1780 3985 2700 
352 1804 1752 1894 4095 1700 1289 1275 272 3519 3456 1107 875 721 2646 2869 
353 2907 3973 2675 1721 298 823 2975 2834 578 605 1471 1626 821 1765 1979 
354 2268 377 3671 2083 3873 1862 1478 0 2682 492 3969 3554 1434 3629 3293 
355 2508 587 306 2106 1552 3349 946 2861 4070 1350 1018 3186 1326 2879 360 
356 796 2457 2281 4048 124 2187 2514 180 884 435 2784 3536 1495 2456 1283 
357 3356 1713 1551 140 1474 3913 3933 2016 3904 629 293 3648 2720 931 2830 
358 3768 1442 1109 3347 1911 917 627 1817 3389 1517 188 2696 494 1497 3616 
359 2613 2207 170 1749 60 1362 798 955 3763 804 1828 2999 1043 747 2246 
360 2013 306 2899 4070 422 823 2879 1326 308 460 2367 3349 751 3767 3324 
361 3163 754 3415 1263 3081 2366 3128 701 1098 259 2300 3891 2559 175 826 
362 2286 579 785 1795 3106 1708 665 2313 1190 3785 485 2781 954 232 1805 
363 1873 2953 842 3204 199 1639 3853 1171 2792 1658 1826 415 3784 1490 3950 
364 1567 3639 3114 697 44 1225 68 3588 3284 3731 953 106 152 423 2030 
365 1445 1232 2414 3517 1491 2139 1136 1599 3045 2027 592 775 3440 1272 2957 
366 238 1372 384 432 3857 677 2606 1095 542 1550 89 2100 673 2484 4090 
367 1330 962 710 1519 3793 2564 640 1096 2932 3350 2265 613 3265 3515 3003 
368 3964 77 4045 2152 1714 513 720 3935 1546 2818 2389 2877 1882 13 2743 
369 40 940 3267 1786 454 1092 1006 1163 533 2467 1772 2411 2480 1988 179 
370 3794 3604 1089 2702 2454 181 3990 1597 186 3280 83 1838 4021 3840 723 
371 3551 3893 2759 154 2311 289 2209 1304 851 1248 3154 2767 990 1432 1947 
372 998 2894 3323 2805 3430 2719 1348 3598 2069 1276 577 348 2763 1074 1667 
373 171 283 2211 209 2455 4046 2919 1424 1686 1112 1950 1342 2379 2570 1082 
374 3255 792 52 3809 3130 1791 1523 1449 1979 3720 821 1853 2108 3074 3273 
375 2444 3151 3095 2012 3540 988 2867 820 3652 544 944 854 2603 618 105 
376 672 3027 1439 3329 1183 2955 3467 2643 1616 569 1553 3672 1301 3630 799 
377 354 2268 3671 3059 0 492 3554 838 2083 3873 1478 3969 1862 2182 1421 
378 1777 1709 557 2147 143 3226 1444 3360 620 2111 2994 3177 1172 4091 2563 
379 1391 1767 205 1004 1924 1926 2114 1542 2224 2756 724 2061 787 3072 3724 
380 1683 1481 2036 2255 482 1417 1533 746 3800 696 4058 3669 1827 2774 3650 
381 968 1482 10 3301 3451 2477 3567 637 3858 1915 589 2943 472 2801 4 
382 3878 2206 3419 1842 1761 74 4007 2196 1053 1719 1264 3637 2115 3279 2655 
383 506 2747 768 4081 1768 1750 2137 218 1223 3946 451 472 1005 2719 3948 
384 366 677 238 1372 89 1550 2606 1102 1756 542 432 2484 3857 2388 2230 
385 559 3541 3505 2635 3832 3453 2650 2557 2843 3198 3298 2293 1085 2121 700 
386 1207 1146 2451 476 2525 467 1194 1818 2314 3903 2649 3574 2181 1855 3516 
387 1531 1127 2822 1003 3660 1622 3537 4033 1518 825 2295 1580 915 3282 934 
388 1335 2819 3036 3595 1804 2487 1289 352 855 2269 2869 3532 3491 1752 1801 
389 3754 740 2235 3050 3606 2875 2218 524 487 3334 2358 1323 3337 939 3086 
390 2136 1052 503 2898 1717 532 3446 340 871 3705 2854 650 2066 2260 2304 
391 1971 1399 752 3202 2100 3384 4090 2575 552 905 2748 521 1989 1746 3139 
392 3090 782 163 3291 1387 2612 647 645 1664 1783 1319 3841 1579 2120 3534 
393 1105 1692 1442 2665 1487 1517 917 1408 3821 446 974 3852 1911 2737 167 
394 3886 845 3108 1876 2347 1949 258 3970 832 1246 1314 3317 1227 4068 3437 
395 1281 1668 689 3085 1691 1635 958 2689 973 1283 4027 3844 3064 2250 2047 
396 2900 3861 761 882 2346 1346 2375 1127 3109 2001 3123 907 45 4033 707 
397 2463 684 758 938 1186 1980 515 3416 2076 20 1945 2932 762 3859 592 
398 1308 3707 883 611 3087 1059 2623 268 3098 3018 982 3775 2602 3225 3960 
399 1527 3031 1272 3663 2027 3045 3908 302 123 3905 527 3440 2062 2780 2096 
400 3984 2957 1530 2795 3185 2920 3416 839 1491 745 1945 1186 1540 1324 919 
401 1976 3401 690 3562 2637 2339 744 3000 2826 656 1829 1892 813 3944 2761 
402 539 1347 2862 3618 1072 24 1520 4014 2337 3219 449 307 2800 496 2978 
403 1594 3040 2202 3497 78 3651 2812 174 1078 277 1990 3772 2242 2816 1084 
404 4052 974 2737 3008 144 2453 1829 3239 2236 2956 2569 2692 446 656 1105 
405 2965 2940 3079 888 305 1148 3723 440 880 1129 726 2813 3532 2430 2945 
406 901 2349 1833 17 94 3396 1978 2485 2909 1832 2031 2876 2166 3054 8 
407 45 2441 321 3062 1305 3126 3029 1054 3109 707 2324 2375 2810 3161 1452 
408 3759 1190 3342 1805 987 1974 1708 734 1021 2433 749 3809 2204 3183 2038 
409 1925 2880 3977 2382 2806 1490 1230 202 895 1376 1792 59 29 1704 835 
410 2967 3983 1195 1300 3132 583 1901 616 431 72 3289 3954 216 1081 7 
411 90 4037 42 2836 1559 1734 2024 1217 1521 836 2521 2386 626 3986 3838 
412 2443 603 3296 2253 3376 266 3574 3187 4015 2181 1510 2479 467 1207 3206 
413 537 2870 3493 1252 2926 4021 1677 2057 1243 2702 1751 1060 4060 1597 1807 
414 548 1603 278 1045 3021 1026 4019 995 133 2054 455 3101 668 1413 1636 
415 3813 3853 1462 2953 3979 1873 121 363 1220 3472 3961 923 1498 3560 1625 
416 1969 3030 3943 667 2097 1337 1547 712 1256 3788 2540 3871 3974 3381 1558 
417 146 1586 1775 2056 1224 3605 2068 488 3397 291 3373 2120 1934 683 3385 
418 444 2039 2393 3779 2762 2732 1196 3520 1741 3393 1290 69 4013 2677 3168 
419 312 1751 2283 927 841 766 3493 130 1252 3178 2264 1992 1065 555 2731 
420 3662 3716 4071 2095 3254 1655 2091 1292 3590 2149 460 1476 1288 585 3927 
421 1737 2511 2143 3426 46 1769 3232 466 678 1120 2208 3 2238 3775 2942 
422 3767 751 2879 185 680 1326 1446 2367 4088 2622 360 3431 3017 2399 1068 
423 3488 953 1727 697 3402 885 1567 3006 3639 3578 136 1416 3429 3689 68 
424 1361 1762 2029 902 597 2621 1423 1957 196 446 1690 1408 1078 2324 3126 
425 617 257 2034 3808 3837 2619 2539 4053 2638 1982 1814 1115 2605 3320 2616 
426 1124 4044 2448 3152 1154 2886 2329 3827 1258 3904 3338 1210 1035 1970 3789 
427 3645 3801 1688 2710 1837 1049 2405 3172 108 3214 1395 3227 1539 2140 631 
428 3860 251 2469 2973 3924 3362 3102 3988 735 3373 2203 2828 3864 2980 1484 
429 3634 2009 1611 3096 3032 770 2220 228 3017 3698 3370 3577 1375 1699 67 
430 63 2388 764 783 3792 1863 1550 1618 900 2746 2924 677 4059 748 2714 
431 616 72 3983 2264 3954 1195 841 516 1992 2967 2096 216 465 410 3710 
432 3857 1095 1372 366 2606 1549 3004 3258 176 238 4006 2878 1506 1057 2941 
433 3139 2737 3123 150 2312 144 974 4008 2641 1515 2956 907 2396 1989 2748 
434 967 3005 4073 715 344 1356 2905 1589 2398 3744 1242 2059 691 3703 2086 
435 2243 3047 912 796 2281 124 1062 3667 3803 2983 723 1249 1634 1492 91 
436 1581 2364 3409 633 1600 3895 1870 1956 1413 133 686 278 548 2244 1872 
437 3579 3186 206 2159 1018 3849 1455 2082 2106 2890 1574 709 3607 670 1279 
438 2371 3320 2616 2144 2883 1585 3814 617 3264 2906 1814 2072 1390 4053 2107 
439 1930 4074 853 2173 2479 1510 266 2779 1650 3296 2253 3171 1503 3152 603 
440 1148 2940 880 2611 305 2103 2965 3685 888 405 1129 37 1967 2430 3079 
441 478 2380 3701 472 1768 538 2069 784 1276 589 1297 1750 3940 3769 1604 
442 3930 1474 1713 2720 529 3776 3260 3436 2697 1884 4049 3292 2970 3252 3933 
443 3807 2905 3199 2059 1108 456 11 1774 1812 1141 1374 1356 2888 3369 715 
444 418 2393 2732 2762 2039 1196 4013 1290 3393 2677 3779 1741 1860 3520 1747 
445 2246 60 3124 517 705 997 3800 1828 3763 1381 2207 482 1079 1929 696 
446 1408 1690 1762 974 1423 1105 597 2737 424 1442 393 902 917 144 2665 
447 3380 817 3327 2841 1180 85 848 3623 1764 2811 2282 3192 54 2338 3012 
448 1447 1798 1871 1405 4051 2947 731 2505 1355 1234 3486 3787 3291 3843 2133 
449 2862 2326 39 233 1835 3826 539 2337 173 1302 2935 2744 1072 3414 992 
450 3664 2426 3627 2488 2925 1990 3026 174 1073 2190 600 345 1654 2202 657 
451 3799 1750 1005 1223 1887 3205 506 3948 2937 1768 1295 4081 3940 3946 3313 
452 1739 3303 1181 2480 533 1036 179 3343 2201 3727 3097 369 1351 971 1675 
453 3468 271 3145 3099 830 2778 1485 3290 3179 3481 3778 2697 2991 3790 3407 
454 1092 3267 3929 2411 3952 1163 369 3791 1772 3708 40 3851 2277 1742 1006 
455 1603 1727 1771 3578 3101 2811 3674 1227 1045 1026 54 2951 4019 414 2338 
456 3199 2059 3807 443 2888 1356 3409 4073 2905 3894 967 2851 2305 3611 1869 
457 1208 2846 1042 304 245 3007 2499 2227 2711 3622 104 2037 1213 2407 2873 
458 2552 1831 3606 3686 2726 3105 1631 650 871 2218 914 2898 2066 582 1671 
459 3835 2234 243 1863 1960 828 2291 1102 748 3675 791 1330 2544 3203 2388 
460 1476 308 2013 1655 2899 727 3093 1292 4070 28 1156 4057 360 961 2091 
461 480 1574 3845 3587 2082 1199 877 1736 2840 850 3476 4065 3196 670 32 
462 826 3576 4039 2584 2559 2984 1315 1365 3297 259 3307 2084 947 2460 1 
463 3912 1050 38 3504 2434 681 1231 3843 1486 344 829 3315 1819 3001 2704 
464 3559 1191 2453 2692 805 1528 1019 2956 2866 3657 1389 2236 150 3609 1697 
465 1152 1992 1056 2067 3552 3022 766 1065 3160 516 102 2860 841 3711 3602 
466 3232 1991 1120 4089 493 3233 421 76 2511 1737 3426 1093 2143 156 3887 
467 1207 3698 2451 1039 386 3863 2253 603 1855 933 1146 412 1286 2177 2893 
468 2972 3164 2403 1657 547 2736 3513 920 1830 2004 3521 1377 3903 3642 3496 
469 847 622 2458 653 1118 518 2751 1134 2708 1661 217 2825 2061 3435 16 
470 2626 1071 2005 1178 2447 3890 3148 1518 3459 2334 3168 857 4086 2822 1253 
471 894 574 1192 1910 3879 659 843 2588 1469 200 2220 67 3063 1844 3117 
472 589 1768 2380 441 1223 1750 478 3313 3946 10 383 381 768 2217 451 
473 239 4076 3686 458 2726 2552 582 1831 1965 871 3606 2218 4003 3480 650 
474 2718 2053 822 2987 244 2074 2003 3051 1189 97 3272 2817 642 3565 2362 
475 348 2634 1652 3949 2805 3121 1382 3430 1640 3872 970 1307 3765 75 1436 
476 2649 386 1146 2464 1207 1451 2525 2314 3247 1194 3407 1843 3116 2290 151 
477 2652 1543 3608 1780 3137 520 3043 3746 3772 277 3411 1596 1238 2700 2065 
478 441 2380 1297 3701 472 1768 2146 589 1276 2069 1604 3940 784 3905 538 
479 3745 3658 62 1619 1261 3782 1879 2848 4084 1478 576 1551 1184 2445 3489 
480 461 3587 3845 1736 4065 3196 850 1574 2082 3476 1034 1199 877 2840 2513 
481 227 2950 2350 3295 1295 2937 1341 1005 2631 3799 497 318 3948 3876 2239 
482 3800 997 1417 1481 705 3124 2255 1683 380 696 2757 929 2774 2036 1929 
483 536 2229 2245 1653 2687 753 2465 2330 2081 3457 1133 3934 775 2576 4026 
484 2170 2902 3542 1257 495 1898 3035 1538 1437 2762 3855 4016 1860 882 2023 
485 785 2288 2313 2684 3374 579 734 3028 954 3007 994 1042 1241 1021 3622 
486 654 217 1118 2971 3333 16 2458 2845 2566 3978 3237 2376 2195 622 3039 
487 524 2358 260 3334 1323 3050 3754 3086 389 2875 2304 2829 2218 1203 3739 
488 2068 3397 273 535 3348 2609 1224 1212 3038 3304 956 3439 2056 3828 1113 
489 3522 1014 3282 3897 1730 4043 3220 549 1914 1624 1401 3274 178 1296 606 
490 256 1904 1184 3745 210 3436 3658 2848 3292 2445 479 2594 3293 1478 1619 
491 3270 3434 2589 3530 3275 736 2753 918 3162 1841 1382 1145 93 142 1954 
492 0 3782 1478 3671 1879 3588 3741 498 3284 703 1261 479 377 4084 2083 
493 3233 4089 3408 18 76 466 156 33 3735 1093 2406 1209 2436 3232 3111 
494 1560 627 1732 2621 3197 329 3768 1442 2022 1957 1408 358 2242 3347 3383 
495 3855 1538 2902 330 57 484 1437 3582 184 3542 2541 2154 2690 1898 2170 
496 4014 789 664 866 193 24 1219 1347 2978 709 332 2890 3618 3849 2159 
497 3295 2350 227 2239 481 3476 2408 2840 193 2263 2950 850 3587 1565 3845 
498 703 68 1879 2130 3284 3639 4084 3588 3782 492 807 0 3006 2889 786 
499 3133 3732 3344 3734 1206 3637 1741 3810 269 1695 1270 1008 3372 22 2341 
500 1837 1810 3801 3192 301 1705 3645 1049 1638 427 2144 2093 3444 631 3049 
501 840 2503 2681 1864 1392 767 514 1723 3153 1921 3597 3544 3181 2198 3340 
502 1612 550 3987 1835 1279 79 3621 3938 206 15 3725 2 1455 2798 1310 
503 1717 532 2136 3309 3446 390 2260 2304 347 2927 2898 1495 1052 3709 1384 
504 2510 3086 2829 1484 599 320 2586 204 2831 1906 1666 735 612 2526 1823 
505 2296 3024 2747 2719 1627 3019 1063 1852 643 1068 127 185 3323 538 1114 
506 4081 383 1005 2137 451 1223 3948 1750 318 3946 3799 218 1768 768 2937 
507 3683 3058 1106 2007 2988 2555 300 2667 824 3729 3702 3351 3985 1816 2092 
508 716 1880 1493 3369 1684 1812 1108 1374 1077 2704 1977 3629 1774 2778 1388 
509 3774 1827 2948 3545 3650 3443 881 2483 2374 4058 1217 3011 2521 913 816 
510 3963 2365 37 880 1392 2355 2743 840 3685 1864 2611 159 440 55 1888 
511 55 3465 3842 2743 2818 2422 1967 1179 3418 3935 3222 1173 2752 3685 1916 
512 886 1817 1043 1425 2042 1109 3636 2995 3763 188 2278 1911 2774 955 202 
513 2389 3222 4045 3935 2422 3628 2877 720 368 2818 3465 2743 2152 3964 511 
514 3544 1864 1343 2317 501 975 3428 2771 1921 3153 3597 1808 2681 3340 1392 
515 758 349 2932 1030 20 2463 592 1369 397 2076 1136 938 1022 1806 684 
516 2067 2096 1992 1152 465 2801 216 3022 3602 2860 1056 3567 431 1527 766 
517 445 2431 215 2246 60 3218 1556 155 1381 1929 2014 3124 705 997 3052 
518 2751 2458 469 847 2708 653 2962 1661 3735 622 33 3502 3435 1134 217 
519 3089 347 3709 604 3286 972 2506 1384 3038 698 3828 3309 1212 3925 3665 
520 2912 2652 3137 3746 1780 3043 2117 477 2556 3075 3411 3937 1409 3608 1090 
521 1204 4090 3982 3384 2928 1799 2396 2727 905 1928 4006 391 1506 3907 238 
522 878 1398 2709 546 2908 2008 1225 3848 3453 2293 2635 3114 739 3615 3382 
523 1614 3550 1149 1397 2949 80 1461 1973 1740 1562 2734 2600 797 1503 1321 
524 487 3334 2358 260 3050 1323 3754 389 2304 2875 3086 2218 3462 532 3739 
525 3072 787 3666 2020 1846 2516 649 2134 1542 3056 1767 1222 1299 819 2297 
526 1209 3426 3693 2143 1737 1769 2754 3408 2511 33 421 2238 493 319 466 
527 2414 2824 3998 1272 3908 399 3905 2373 2062 685 73 862 3031 1955 3529 
528 2603 634 1524 2057 105 3999 980 544 1137 3406 2821 3692 3691 3523 2021 
529 2090 2991 3213 1713 2720 84 3967 187 3481 3252 3770 442 4044 2697 1474 
530 567 1725 4035 1501 3865 1185 2786 1088 1320 221 2782 2939 632 2145 679 
531 920 2000 2004 2798 3635 1687 3816 1588 15 161 598 547 3507 3764 2492 
532 503 2898 2136 2260 2927 390 2432 3709 2304 1495 2875 347 1717 884 2344 
533 179 3727 2404 1786 3303 40 2480 369 1772 1317 1739 1181 1006 940 949 
534 2636 337 2859 1038 2240 965 2372 3697 2524 2256 3527 23 1044 630 2277 
535 3304 273 2068 2536 956 3208 488 2609 1070 3241 3601 2842 3942 1418 2815 
536 2687 1653 3457 483 4026 1429 2229 2465 3421 1620 3544 4083 2248 514 2081 
537 413 2870 2926 2057 3493 1060 4021 4060 4055 2162 1807 1252 3280 2624 1677 
538 1627 1063 921 784 441 3769 3701 708 3182 211 505 478 1844 2069 1276 
539 1072 2862 3219 402 449 2800 1347 1302 2326 2337 3798 173 669 4014 24 
540 1130 292 3146 3066 790 1679 327 4094 733 1836 1845 3279 2359 1849 2050 
541 323 3968 1982 1460 107 264 3653 1153 3336 279 4078 1672 3568 3445 1115 
542 2998 1756 2376 384 89 1372 366 3240 2100 2484 673 1550 677 238 3806 
543 4032 1107 3473 2502 3677 721 2544 1275 2222 1339 2394 3456 3836 1960 1859 
544 3691 944 105 2603 634 988 1260 3540 936 2021 528 2057 3909 3692 3999 
545 3131 765 803 1875 1076 3181 2661 1723 3919 2085 3394 2685 2503 1832 2122 
546 1215 3615 1936 3848 1398 2695 959 3382 3453 522 136 3114 1225 688 44 
547 2403 3507 920 1548 1830 3903 468 718 2004 2972 3496 1790 2654 1617 1414 
548 414 278 3021 1603 1045 4019 1026 133 2054 995 668 2785 1413 3101 651 
549 3220 3274 4043 2679 1580 1993 1622 2677 1624 3282 1037 142 3522 3537 489 
550 1279 206 3987 502 1612 3938 1455 937 3607 3621 1656 957 437 1835 1310 
551 1669 3661 3433 2874 794 2319 643 1779 127 3182 4042 708 4063 3582 67 
552 3875 1057 1399 2573 673 2575 1440 3846 2878 3194 2100 752 3524 391 1989 
553 2788 1128 2749 568 3784 3207 2415 2180 1595 2953 4037 1734 858 4075 836 
554 2102 846 1907 2537 223 96 2793 1568 1266 1534 3365 1963 3371 2515 903 
555 3178 2283 4062 3825 1536 1414 718 312 619 1751 1548 3507 130 1325 25 
556 1415 2978 24 157 2890 664 332 709 1651 4014 3621 1520 1656 952 1199 
557 1444 2563 3177 1172 3495 378 2648 2111 219 2363 2717 1197 4091 1709 1777 
558 2666 1229 1915 2263 3325 218 768 3946 3740 2137 3301 3067 637 3196 3313 
559 385 3505 3198 2121 2557 2938 3832 3298 2635 3541 3869 3862 2843 3829 827 
560 1564 3775 3932 2208 2781 3610 1848 2125 728 3184 1795 3503 421 1120 3106 
561 1296 3769 3572 263 606 3631 3107 784 1401 2670 99 3701 2580 211 1473 
562 1743 3391 80 2600 596 1461 14 2949 2837 2734 2353 750 1562 3014 2996 
563 3872 1757 175 1307 3949 3121 1436 1640 222 2174 2223 2993 348 475 3755 
564 2942 1120 1053 2206 1848 3232 1605 3878 3078 2655 2683 3887 1333 3503 2439 
565 322 3696 1294 3624 942 3499 3234 2592 1064 3920 1583 2461 1344 1355 3398 
566 8 2085 1555 2031 2333 3246 2923 147 3025 1662 3299 2661 92 1076 2896 
567 3865 530 1725 3502 1088 248 4035 2406 1501 1145 1320 2939 3641 632 1010 
568 2180 2929 2788 553 3563 2749 2792 858 1694 1595 4012 1128 199 3784 582 
569 1301 1218 1553 799 1439 3547 793 3653 3336 3060 1153 207 2761 1183 3672 
570 3741 1434 3673 152 3293 3603 1424 3782 2030 1478 2083 3554 3671 106 210 
571 2128 887 4083 3002 1157 2465 7 2946 169 1139 753 4050 2254 1642 583 
572 1122 2982 1820 623 1888 3797 1040 2449 310 2103 2924 870 2611 2002 1628 
573 2955 3679 672 3630 2643 1724 3467 3638 376 4047 2395 1672 1385 335 3329 
574 894 1910 659 471 67 2588 3063 3107 843 2044 4063 1469 3879 1259 1192 
575 1938 3520 1290 1747 3771 2140 1459 128 3364 3737 69 3996 3172 3157 3728 
576 1261 3658 479 3745 2016 3189 807 1551 62 2594 3436 945 0 1478 2720 
577 3598 1348 1667 605 3122 868 2763 998 372 3765 2894 2675 2419 2805 3752 
578 1419 3474 2273 2063 605 353 2907 2631 2155 2186 3122 3074 925 868 1626 
579 954 742 2313 362 485 785 665 3028 2288 1633 2286 2049 1205 232 3106 
580 2010 1896 1282 2165 628 2833 801 2437 2881 639 1352 2307 3619 3117 3995 
581 2232 3909 1693 2310 3286 3692 3355 2478 2901 2506 634 2442 3406 3652 1278 
582 1831 2929 914 2916 1671 458 2552 3105 3950 3606 1965 1666 4076 4012 1631 
583 1300 410 3132 2967 7 1081 3002 3983 4050 1195 1901 3757 3469 2735 236 
584 1123 340 41 3850 3921 2979 3705 2854 2150 13 1882 129 2877 1427 2066 
585 1920 1288 2501 3716 3834 2095 225 81 420 1994 346 1507 889 869 621 
586 3616 1526 2109 2696 3389 1497 1763 1404 3080 194 1745 780 3347 3768 1535 
587 306 355 3349 2106 1552 1018 2508 360 4070 3186 2899 2879 1034 3325 1326 
588 831 3399 3586 324 1722 3361 1249 254 1754 83 3042 1706 1062 3803 2048 
589 472 1768 2380 3313 1223 3946 2217 1750 441 1787 478 1887 381 3301 10 
590 3589 3167 1400 2601 2271 3643 111 2352 2240 2368 2597 2182 2933 4018 3617 
591 2500 1140 2328 874 1274 1322 3584 1607 3247 833 1944 1364 1202 151 1843 
592 1136 1186 349 2076 1488 515 2373 61 758 1369 2463 3440 3859 1232 1022 
593 2233 3622 104 3899 1021 2499 3007 3720 1135 3130 3046 457 304 52 2873 
594 3230 2345 297 2048 2351 3931 3042 3594 1998 1179 3628 30 642 1173 2270 
595 2764 1007 2952 2491 1086 2647 2094 2413 1746 1011 1514 658 1891 2363 219 
596 3391 2837 562 1743 122 750 3144 3422 3071 1012 2600 80 3014 3179 14 
597 1423 1762 1690 424 1078 2127 1361 902 78 3126 446 707 2812 2029 2242 
598 161 2 1621 2913 2004 2492 3715 2168 2550 3513 2019 2167 2736 2490 531 
599 1733 2586 2973 204 2203 3088 504 612 2526 2699 2209 3482 1823 1484 3362 
600 2925 3627 3026 1763 2488 450 3959 3664 282 2202 2560 1990 1594 174 345 
601 923 1674 2676 1813 3466 3862 2990 3566 4082 2974 3217 2156 3829 4040 3472 
602 1324 2215 3859 2920 1955 938 2790 2174 2463 2076 2795 1186 397 2373 222 
603 2253 412 2443 3296 1286 467 266 153 3376 3574 3206 2893 3187 2181 1510 
604 1934 1319 3828 3038 1212 3348 1387 2120 647 519 3397 1664 2056 972 488 
605 3122 868 3598 577 578 2675 353 3474 3471 3331 1074 998 298 2763 1721 
606 1296 1646 1730 1473 2564 561 1731 1532 263 2265 3572 1914 2673 2287 2225 
607 1919 2282 2412 695 3104 2212 3526 945 2276 2338 2610 995 1180 3789 3138 
608 3441 2446 1158 3737 2459 4049 629 3996 931 1143 128 3771 3728 1877 3933 
609 3166 2515 2645 351 48 2815 3804 694 1571 1878 3844 1418 2537 3985 958 
610 930 2770 148 2769 3840 2360 3403 3619 969 2581 3528 3546 3083 2881 3990 
611 3018 2623 3087 1121 1059 2602 398 268 1308 2754 3707 3345 883 982 788 
612 204 1823 861 1327 2586 2526 814 1498 3533 1110 2831 3088 4061 641 1602 
613 2896 1662 3299 1811 962 1806 3793 1555 710 3394 2827 2166 2085 92 367 
614 1084 2351 3777 3651 3341 3080 2270 2925 2188 600 1349 1594 1999 818 2345 
615 3951 2385 1463 1129 1148 888 2945 2615 2940 440 2430 977 2103 3073 2611 
616 431 3983 1195 2967 216 2674 72 3954 410 516 2096 3022 2264 1262 1992 
617 425 3320 2616 4053 3808 438 1814 3814 2619 2371 2883 2539 257 3881 1982 
618 3151 375 2012 3095 2444 1046 988 2867 820 769 3540 3652 944 241 2739 
619 3825 2177 933 4062 2893 3178 2481 153 2040 2662 555 3711 467 2451 3698 
620 2111 1172 1777 3360 3941 557 378 2648 2750 1444 2717 1197 2563 1847 2384 
621 3856 1288 3716 3927 1164 1988 965 3590 2528 3791 1507 4071 2055 1163 1033 
622 469 653 1118 2458 847 2289 2061 2825 2708 1134 16 2751 518 3435 217 
623 1040 1577 1796 1718 572 2449 1122 870 3797 2982 2752 1628 198 94 1087 
624 3993 4009 1523 1791 2930 3255 981 2108 3900 191 3302 2936 792 2272 1964 
625 1132 1250 3904 2129 2551 293 3321 1051 2534 2830 1815 3227 108 140 3338 
626 2836 1559 3353 1556 317 2540 2415 411 1048 1521 1079 155 2097 90 4037 
627 3347 494 2022 1408 2242 917 3768 1442 1497 358 1464 2621 2696 1560 1078 
628 3025 2833 2307 580 1282 2010 639 1352 3117 2165 1000 1896 2031 200 1793 
629 931 140 1158 2830 3913 3356 2459 3933 1474 2446 4049 608 1970 357 3441 
630 899 2379 1038 81 1920 2919 3834 3527 1726 1862 2524 338 3697 2315 1434 
631 3386 1539 3214 1997 1585 3801 3012 427 1291 3192 1688 3645 2841 1764 1504 
632 1320 1975 2939 679 1725 1508 4035 3318 3150 3070 1096 221 56 530 1544 
633 133 1413 436 4019 2364 1872 1956 1581 1636 548 3895 414 1870 2054 651 
634 3692 528 2603 3909 544 1524 3691 2057 936 2478 105 581 2232 3406 1260 
635 757 3190 1703 3535 2651 1370 295 3223 2520 3305 3976 2917 235 70 2547 
636 678 3 46 1629 2599 58 19 2863 2997 2853 3877 3670 1378 986 2238 
637 2943 768 1482 3370 3325 218 381 10 1229 3431 968 383 228 558 3946 
638 1949 2322 1458 668 2785 1834 2475 2054 651 2904 1433 2101 2858 3021 4068 
639 3117 2769 2725 1896 2437 1000 580 200 628 2165 3879 2010 3619 930 2881 
640 1766 2868 3350 3003 1670 3515 1393 2507 2466 2064 20 684 367 2932 1519 
641 2244 3533 1499 2915 2383 1615 1602 2934 4061 661 2640 2831 103 1823 1327 
642 3272 1998 1041 1336 244 297 2351 30 97 594 2718 2003 474 1211 3694 
643 3182 3024 3557 951 3661 3433 708 551 1401 3631 4063 1411 1063 127 1627 
644 2678 1824 2355 3964 77 2558 1029 676 1714 368 2567 2574 2533 855 1546 
645 3077 3534 2958 3090 2612 1579 3368 1783 2587 3291 392 3714 1321 2120 2694 
646 1865 3452 1545 3758 3911 1073 3425 3235 2190 852 934 2803 1352 1793 3556 
647 1387 2442 1664 163 1783 1319 3286 392 2310 604 3676 1579 1693 2612 3090 
648 3776 741 3212 2399 869 3260 2970 3713 1884 1100 1326 1613 1322 334 442 
649 3448 2756 2020 525 1767 787 2516 1846 1299 205 3072 2787 724 2773 3666 
650 871 2898 2066 2432 2854 390 2344 3686 532 2552 2150 340 2136 3705 41 
651 2054 133 668 2322 1949 2785 638 3021 4019 548 2904 414 3886 1603 278 
652 1364 1843 1794 1790 2654 2837 151 1165 3903 1830 3242 1818 3247 3483 476 
653 469 622 847 1134 1661 2458 518 1118 2708 2289 2061 2751 2825 3435 1883 
654 486 2376 2566 2998 217 3237 2195 1756 2971 3333 16 542 3978 3039 2845 
655 2741 2471 2163 2791 948 2362 1649 3722 3914 3981 2184 6 717 1188 3236 
656 1829 189 690 3401 401 1246 2339 1976 1528 744 3239 1019 2637 1389 4052 
657 1928 1073 2426 3664 2488 3911 1799 1865 3425 450 345 3982 4033 915 1245 
658 1267 1086 3806 2647 2952 3240 2363 2094 3495 3733 212 1746 595 3395 219 
659 574 843 67 708 4063 471 894 1844 3107 1910 2588 3063 3182 1469 127 
660 2331 1187 247 1104 3183 3503 3175 3438 4031 3009 2204 3610 1861 311 267 
661 1602 2219 1091 3366 3761 1956 1698 3266 1625 1872 1220 2915 2535 1327 641 
662 3490 2078 620 1847 943 2111 3209 3057 88 2390 989 3360 1759 1777 3941 
663 1729 1142 2765 994 2105 49 3262 2527 3785 2210 2416 232 2409 3343 911 
664 709 332 789 2890 496 4014 2978 1199 877 1415 1574 193 3849 2159 556 
665 2049 728 2313 3106 1633 1795 1708 742 1264 1241 3503 2286 954 2204 1848 
666 3127 2596 2428 2820 3641 2532 2195 1222 2429 819 248 1924 2566 1542 2134 
667 1337 3030 3788 1547 1466 416 1969 3955 1299 1868 2705 2097 966 2025 3531 
668 2322 2785 3021 2054 1458 638 651 1266 1949 278 3101 548 414 2475 1534 
669 4077 1716 229 231 2800 3798 1277 3091 3219 1711 2538 1072 236 2633 3469 
670 3084 2082 1707 1651 3688 3186 461 2055 3927 3590 437 2106 480 1574 1552 
671 2759 3893 2311 371 1733 3551 851 2209 154 599 2973 3494 289 3362 3154 
672 2955 376 3467 2643 1183 3027 1385 573 1182 1439 799 1672 3679 1407 2280 
673 2100 552 1057 2484 1372 2376 2429 2878 3524 432 3875 3194 2532 1399 366 
674 3053 1943 2931 3307 781 3413 1436 947 1365 1640 3564 3749 3297 2213 3668 
675 2302 926 1131 2766 1066 252 2456 2486 2784 1083 86 698 3501 2901 182 
676 2558 932 2678 2533 2148 2377 1948 3421 1496 1620 644 1357 77 3417 844 
677 1550 89 384 238 2388 1102 366 3792 3203 783 2714 1863 63 1618 2230 
678 636 1378 2853 319 2511 2436 1737 2299 2143 19 2997 3670 986 46 421 
679 632 1320 221 1725 4035 1975 1096 3150 3265 1020 3515 2939 3318 1544 1670 
680 751 3767 1446 2126 4088 999 422 1068 185 2622 2367 4057 1877 941 1143 
681 1819 2434 829 3843 463 2368 1050 3787 3423 38 3455 328 1306 3504 3422 
682 1427 2150 41 2417 1959 97 3921 2440 2053 270 777 2184 2389 2087 1211 
683 1457 1586 1224 3699 3534 3605 2056 2577 1774 3315 2704 1775 3504 1050 3368 
684 397 1980 20 2463 758 938 2868 515 3003 2466 640 2076 1186 2064 2932 
685 862 73 2217 35 527 3301 3065 3998 3067 2239 3529 3908 1787 2824 236 
686 1581 2891 3895 1600 1956 2343 1304 3154 1432 1870 1430 436 633 2241 3703 
687 2783 3322 1097 778 1753 316 2966 1016 2722 1587 2565 242 1412 776 4067 
688 3615 1936 1215 3335 2695 1244 959 3453 546 1448 3306 2557 2944 36 3848 
689 1691 395 1283 2689 3756 1281 1635 3536 3064 2047 3387 973 1668 4027 2250 
690 1976 1829 401 1528 3401 656 2826 1019 2637 2236 1255 1705 3962 813 2339 
691 3744 1430 1242 3136 3210 2712 1782 1175 1870 3703 2089 2698 2086 2241 2985 
692 3914 3512 1368 1649 1601 2015 3383 139 1680 760 991 1189 2070 3695 4034 
693 1483 2223 2993 1341 3229 3876 1074 2063 3474 2370 1295 3965 2937 2189 1419 
694 2131 1571 3985 3166 351 958 3802 48 3058 3085 609 300 1878 2578 507 
695 3104 2412 607 1919 3006 2338 2282 2130 3526 3578 807 2811 1180 2889 995 
696 705 997 3800 1683 482 380 2214 3124 1481 1417 2806 835 3650 1425 2255 
697 1567 953 423 44 364 3429 885 3689 3639 2944 3114 2695 3488 3881 1416 
698 3665 2784 1066 2302 2456 2514 3828 2901 675 1131 1083 3286 4048 2486 2766 
699 2185 329 2844 1024 1732 1340 1513 2172 2618 2858 1857 1560 2179 2835 2989 
700 2321 138 242 3832 2472 2966 1587 3505 336 2650 985 1085 3281 3541 3870 
701 3415 2366 3128 361 1383 2559 3163 754 1263 2300 2659 3081 259 856 2984 
702 1402 3846 2573 2585 2878 1549 2626 1422 1057 176 1515 1071 3524 3258 2941 
703 498 68 3284 807 3588 3639 2130 1879 492 0 4084 3104 3006 4024 3782 
704 3112 3285 3337 1615 740 3390 118 939 2831 3712 3533 2262 3119 1198 2383 
705 997 3800 3124 482 696 445 1417 2246 1683 1481 380 1929 2255 3763 2214 
706 4034 2017 1176 3277 1745 780 3243 2864 2582 2316 2791 804 1649 1784 948 
707 2127 907 1245 1690 45 3123 1423 1641 407 2900 597 1078 3109 78 2560 
708 3182 4063 127 643 921 659 3631 1627 1063 551 538 1401 3107 3661 1844 
709 2890 3849 2159 664 1574 2978 2840 3621 1199 437 789 3579 1415 877 556 
710 1330 3793 367 748 613 962 243 1701 791 2932 2423 114 2018 3675 1475 
711 3719 48 1418 3942 2842 3371 2815 2583 2645 1070 609 1571 2989 2537 2536 
712 1558 3943 1256 416 3381 2097 2540 1969 2561 3034 719 3030 3278 3596 1116 
713 3387 1635 973 2250 1283 3536 2267 928 3450 1923 2187 3326 3539 3442 689 
714 729 3423 3820 3071 3646 1953 3787 750 3888 1456 731 3014 829 2958 2693 
715 344 2905 3005 1356 1774 434 2059 3807 443 4073 967 3315 1589 3605 3912 
716 508 1684 1493 1880 3369 1812 1077 1374 1108 2778 3778 2704 830 1977 3179 
717 3236 3244 1983 3484 6 1671 3722 2582 1601 655 1649 1760 2741 1155 3914 
718 1548 3507 3496 1414 2403 547 555 130 2731 3825 2283 1617 2004 2669 3483 
719 3596 2721 4066 1353 3838 732 3381 3974 1426 246 2192 3997 2097 42 1366 
720 513 368 3935 2389 777 13 3964 3921 3222 4045 2945 3548 2877 2574 2743 
721 2394 1275 1107 3432 543 1236 2544 4032 1960 1032 114 243 3473 2502 1700 
722 3556 852 3758 1545 1731 2673 4092 2287 3452 1811 2803 147 1646 646 2512 
723 1062 1089 1249 83 3667 3840 2080 1858 1838 3216 3794 186 588 370 254 
724 2773 2224 2756 3882 3159 205 2787 649 1391 3448 1767 1537 2997 2104 4069 
725 1553 1598 2680 793 3336 1561 2832 1592 3653 1439 323 2071 2284 1162 1902 
726 2813 2945 3079 405 3723 888 3548 2940 2965 64 2750 983 2574 1148 3941 
727 1292 1476 3093 1156 961 460 308 28 4057 1655 2013 999 2975 3248 4056 
728 3106 665 2049 1848 1564 3503 1795 1633 1053 3932 560 2313 1708 2204 3610 
729 714 3071 3820 750 3423 3014 3646 1953 2958 1456 3391 2587 3787 731 3888 
730 2715 3491 1801 2079 2249 1443 109 483 2245 753 536 2248 3934 2687 4026 
731 1871 714 3423 3787 729 1447 2434 2958 1953 829 3843 3820 3291 1405 3071 
732 1426 1353 1366 2374 3838 719 3011 246 913 1217 3596 4066 3974 2483 881 
733 3279 3066 1719 1842 3330 540 4093 1130 327 3146 2115 292 149 2050 1845 
734 1021 3759 408 837 2226 3007 1241 1708 3956 1190 2233 987 1264 3374 2285 
735 2980 2829 504 1484 3086 253 3988 260 1203 3860 487 1323 2301 2358 599 
736 142 3530 1993 918 806 1270 1008 3275 3270 2679 491 3162 3434 549 1196 
737 3041 1591 2201 2175 1367 1908 1778 3097 3632 3343 2498 2450 2123 3727 1821 
738 3704 2401 2608 98 1085 3830 908 2590 3555 1587 138 2321 878 2293 2709 
739 2964 1516 1225 315 3114 2709 1398 1061 3136 2908 1918 364 522 2008 3210 
740 939 2235 3390 704 389 3337 3112 1200 3285 3754 760 2262 906 3050 1155 
741 2399 1326 648 1100 3776 4088 1613 1058 1922 3300 3767 4070 422 751 3577 
742 954 1633 2313 579 3028 1735 1467 665 2032 1205 2288 2049 2684 728 2863 
743 2517 3816 3635 2861 1350 151 1830 2654 1451 3513 920 2508 1843 1790 2649 
744 2761 2339 3401 3562 813 3547 401 1218 1892 207 3000 1019 1976 656 690 
745 3984 839 919 400 249 2245 3185 2957 1530 2330 872 810 2139 2795 1491 
746 2036 3263 3669 1533 2255 3613 1681 963 1644 1683 1481 380 1704 2774 4058 
747 1828 1760 1362 359 170 2613 60 2582 3763 798 4012 3236 2246 804 2207 
748 791 243 3675 710 1330 783 459 1863 2827 764 430 3835 367 2714 613 
749 3809 3342 987 3475 2285 3302 837 3759 3388 4009 2930 1450 3583 4007 311 
750 3014 3071 729 3820 3646 2693 3391 14 714 596 2976 1456 562 2837 122 
751 3767 680 999 4088 4057 422 28 1446 1156 2126 1100 2367 185 1877 3093 
752 1399 2748 1989 391 3609 2575 1971 1697 3139 552 3875 3202 2573 2878 1057 
753 3934 2128 2079 2229 2465 2633 483 4083 571 2245 2687 536 1081 583 1445 
754 3163 361 1263 3415 259 826 3081 175 2559 3891 3307 3053 563 3128 4039 
755 3655 1968 4011 2386 295 90 309 2797 3287 42 1797 3535 2520 2156 411 
756 2073 2205 2767 3485 276 224 3514 213 154 3424 1932 3555 289 3830 1850 
757 635 1703 2651 1370 3190 235 3305 3535 2917 3223 3976 314 3926 2496 2520 
758 515 2463 397 938 2076 684 20 1186 1980 349 592 2932 1136 1022 1030 
759 935 964 2914 3579 79 2167 2550 3849 3740 2 2159 3621 3067 437 1835 
760 2262 1200 2336 3695 939 1155 2802 3914 692 3390 1680 1601 139 3412 3383 
761 396 3861 2900 4033 3425 1127 1003 934 2001 1346 2295 915 2375 882 907 
762 1030 1186 515 1136 2932 349 758 2463 397 1701 592 1369 3793 3416 1945 
763 2569 4068 3239 3103 1433 1246 3115 189 1338 1899 2598 1829 656 2691 2637 
764 4059 2746 1618 783 1454 430 3094 2924 2852 1168 2714 2827 900 4092 1909 
765 545 3131 1875 1076 3394 3181 1921 1723 803 3597 2685 2661 1599 341 2503 
766 841 1992 102 1065 130 465 3552 4030 1152 195 419 3711 2067 2283 1056 
767 2909 2503 1723 281 3181 2002 1833 840 1832 1354 2122 501 901 3797 1628 
768 218 637 3946 2137 383 1229 506 4081 558 2747 2666 472 1223 1768 589 
769 1379 241 2857 1169 988 2191 3928 1410 3883 3652 1260 944 3691 1468 2178 
770 3698 1611 1039 1660 3866 2220 429 3863 1855 933 2009 2468 1712 2893 2177 
771 1226 1438 3245 1358 132 126 1856 1309 47 2672 1125 1305 2011 275 1596 
772 2551 82 1035 2099 3831 2830 3338 2865 1970 1132 1250 4025 140 931 625 
773 3546 1000 2769 3160 1056 2481 3879 639 181 1065 3552 3711 1325 2581 930 
774 1233 3120 182 2742 2494 1893 2887 4074 3682 137 1503 853 86 2663 3487 
775 1599 2081 341 2308 2771 1445 1921 975 365 3517 3544 1232 3597 2685 3757 
776 2722 3690 3359 1412 1082 113 294 2200 2688 1753 2783 778 1016 230 1160 
777 4072 1427 4023 3921 720 1959 682 3680 2389 13 1609 2417 2615 2945 513 
778 1753 3322 1097 687 2722 1587 2783 3363 776 2200 294 2658 2966 1016 242 
779 2256 2348 2275 1507 1607 1164 3464 3584 1944 1274 2500 2656 965 2274 225 
780 1745 3616 2109 2017 4034 706 2015 3288 1404 1176 586 3512 1649 1360 3768 
781 3413 1943 3749 2634 674 1436 2213 2745 3140 3053 947 970 1972 475 2231 
782 392 3090 3291 2612 291 1319 645 2120 3534 1664 2056 1387 1579 163 3368 
783 1618 2714 2746 764 3094 4059 1909 430 2230 2512 677 2388 1550 748 238 
784 211 1604 538 1276 1063 3701 3769 99 2069 561 441 1627 478 1296 3572 
785 485 3785 994 579 362 2313 734 2288 2233 1021 3622 954 3007 2286 304 
786 2889 979 62 2796 3489 2553 2130 1619 1180 1879 1551 4084 85 3012 479 
787 525 3072 2020 2516 1542 1767 649 3666 205 1846 3056 2134 896 1391 3448 
788 1093 3564 2460 2602 3668 1500 3297 3354 1991 3018 3681 1365 268 674 18 
789 193 496 866 664 4014 2408 709 2840 3849 2159 2890 497 1565 1574 877 
790 1849 4094 540 2325 1480 1679 292 2359 1130 3146 2969 1854 3459 2050 1836 
791 3675 243 748 1236 976 1863 1960 459 710 430 3835 3833 1475 1330 63 
792 1791 2108 1471 3993 1626 1979 1523 821 1450 3255 1964 374 2975 624 1785 
793 1553 1218 1162 1301 569 2728 2761 725 2339 1439 3653 744 3336 3547 3562 
794 2319 1669 2874 3433 551 1809 2622 3661 1852 1446 3917 941 2772 127 1068 
795 1099 2298 1160 3731 1950 4046 3281 4010 3461 924 98 1112 1117 2292 2709 
796 124 2281 356 2457 435 912 4048 2243 2630 2187 3047 3667 180 3216 723 
797 3550 1939 1149 3271 2776 1536 2624 2669 4055 523 1614 1165 3492 274 1617 
798 170 3570 1749 359 3249 4091 3477 1362 1828 60 2207 1891 2613 747 2431 
799 1183 569 1301 1385 2193 3467 1025 3547 1218 2643 3060 207 1407 3672 286 
800 3100 2138 815 1303 1576 1262 3110 1941 3417 1496 2572 3780 2052 3922 2885 
801 1654 1431 1268 1282 580 2010 2903 2190 2833 1896 3995 2165 1352 2876 2881 
802 3400 3501 3048 3492 3332 252 1758 1893 1738 2162 3518 86 2509 3312 2494 
803 3131 3919 545 1076 2661 3506 1875 849 2723 765 3602 2085 3181 2031 2258 
804 1176 2613 2823 194 1784 1745 2042 706 1535 3277 2864 2582 955 1362 359 
805 2866 3657 1191 464 1697 4017 2543 3531 3559 1868 1702 966 3818 1002 2453 
806 1008 1993 290 1196 736 142 1270 3393 2679 1741 3530 2039 2614 3599 3148 
807 3104 703 3906 1388 945 576 498 1261 2130 695 3138 1869 3526 2412 0 
808 3884 3680 3811 3480 4072 2789 891 4023 4003 3910 1123 88 1609 1427 777 
809 50 1588 2798 15 1687 3889 2799 3764 3725 2000 2744 3498 531 3915 1881 
810 164 919 1080 3529 1277 3091 2139 745 3185 3984 3998 1711 2957 839 1716 
811 1479 1867 3165 21 3217 2910 2545 2535 3862 2261 3198 959 3869 2938 3298 
812 3208 2981 2645 3786 2815 3844 1069 2026 2160 1668 2609 1090 2305 2536 1403 
813 3401 1019 1892 744 2761 1528 3547 1028 2826 401 3944 1101 342 53 3562 
814 1110 861 1498 612 1327 1269 204 3839 1823 3813 3853 1602 2261 661 3154 
815 2138 3110 1941 800 3100 2572 1303 3410 1492 91 1597 1838 1937 2052 1634 
816 3443 1912 1981 1563 3447 1572 1561 881 2161 1566 2521 3449 2850 4040 1592 
817 1180 447 85 1764 3380 2889 2282 979 3012 2412 2338 2841 2811 3327 1997 
818 3777 1119 1084 2816 3651 277 2065 3742 1268 3040 192 1984 3256 1648 1788 
819 2297 2134 2820 1222 3056 3666 2585 3127 2005 2579 3072 666 3561 2941 2429 
820 2867 3540 2668 2021 2821 2387 105 980 3795 2960 2603 944 864 2012 544 
821 1979 1471 1626 3074 2091 792 1748 110 3973 2975 353 1791 2108 1476 1449 
822 2074 2817 3261 1189 2718 474 1188 2986 2987 2802 1986 2003 991 2344 2053 
823 3324 2834 1765 2013 2907 3973 360 2513 2367 353 3019 2899 1034 1476 2975 
824 3683 3058 3608 1543 958 2267 507 1106 4027 3085 3442 351 3702 1238 2988 
825 915 1003 3033 2295 2512 4033 3660 1909 2230 4006 387 1531 3425 1506 761 
826 4039 462 259 2559 2584 3576 754 3163 3307 1365 947 222 2984 2174 3297 
827 3294 3870 1946 1055 335 2395 2121 1582 3832 336 1985 2557 3445 4047 3566 
828 2291 1020 2234 3265 3835 459 134 2145 3318 1330 1102 4032 2939 4035 1320 
829 1819 2434 3843 681 3787 3423 714 1050 3646 3071 463 3044 729 731 3888 
830 3778 3179 2778 453 3290 1684 3468 3145 1077 271 220 3099 716 3790 3250 
831 3586 588 3361 1722 3399 324 3510 3042 1249 1754 254 83 2048 1706 1916 
832 3970 3108 162 1876 1246 189 2598 2071 4068 394 2728 656 963 1162 1644 
833 3966 1064 3234 874 591 1364 1583 2461 122 2041 3920 2500 3624 3044 3455 
834 3241 1890 2934 1070 1470 3304 2383 2842 3942 3601 535 4080 2536 3337 1418 
835 3016 2806 3977 1490 2880 409 1925 202 1230 1792 1318 3647 696 199 2382 
836 4037 1773 3986 2214 1566 3784 317 2332 1128 2415 3650 2521 2836 1048 1217 
837 3388 2285 2226 1264 4007 1241 749 3956 987 2204 2930 734 3342 3475 4009 
838 910 3554 1061 4024 3156 3059 3588 3284 2698 1175 2030 377 865 492 315 
839 2957 3984 1491 2139 1445 2330 1133 2245 745 249 400 2576 1530 365 2081 
840 1392 501 767 2365 2681 1888 1864 3963 3153 2002 2503 281 2909 510 3797 
841 766 1992 130 419 4030 102 465 2283 312 1152 195 1065 72 3552 2067 
842 3204 199 1658 1171 1873 1826 363 1490 3950 350 895 4061 2382 2792 3853 
843 1844 659 4020 1192 471 574 228 1469 3649 921 67 3107 1699 101 708 
844 904 2342 3268 2572 1715 3037 1496 2818 2052 1634 2138 1916 55 3361 77 
845 1314 3886 394 3437 1227 258 1246 3970 763 1949 3674 3108 36 4068 1876 
846 554 223 2102 96 1907 2537 2793 1534 1963 1266 2858 1568 2989 2844 3365 
847 469 2458 622 653 1118 518 2751 1134 2825 217 1661 2962 2708 486 2289 
848 3327 3623 2841 3380 2627 1638 3170 447 2839 301 3049 3192 1810 2405 3321 
849 2258 3602 3160 2320 3506 3919 3022 803 1192 1056 2860 123 2723 1152 465 
850 1736 4065 3845 3587 3476 2350 480 3196 2151 2155 461 3454 1637 1419 2840 
851 2311 1248 2545 3612 154 3839 371 3154 1269 2343 2209 3346 3551 2759 3893 
852 722 3556 3452 3758 1731 2673 1545 2803 2287 646 1646 4092 4033 3425 2512 
853 4074 1503 1930 2742 1740 1233 1650 439 2173 3120 774 2663 2479 3682 2996 
854 2922 3406 1693 3523 2310 2632 2603 528 2444 1137 3676 3841 634 581 163 
855 2355 2574 1824 510 3079 880 644 2965 37 3532 405 3963 3595 2365 305 
856 2984 1 3257 3576 2559 1383 2659 462 2921 701 3415 826 1315 259 4039 
857 1866 3459 3444 1480 2093 3168 53 2325 3944 2447 470 2969 342 4094 1892 
858 1595 1079 2180 1381 2415 317 2749 1318 3647 445 2246 3016 705 696 2788 
859 3725 1310 3889 2303 15 3938 3920 957 1612 50 502 2798 285 2000 984 
860 2045 1590 2058 3253 2968 70 3405 1724 27 2474 1797 3638 3569 3287 1287 
861 1327 612 1823 814 204 1602 661 2526 1110 1498 3088 2586 3533 641 4061 
862 2217 685 1787 3065 3313 2239 589 3301 3738 2380 73 1887 527 2790 472 
863 1144 1957 2804 2092 3463 3729 2812 2700 3772 1513 2022 2621 2007 3702 78 
864 2960 2402 2821 980 3523 2668 313 3795 2075 528 2799 3999 158 2603 3947 
865 4002 1917 120 910 1166 1342 2730 1284 838 3125 3059 3156 315 2620 2847 
866 193 2408 789 3224 1565 496 664 497 1895 3454 1219 2840 1111 4014 3295 
867 135 3377 911 1850 2570 2372 2713 1686 2132 2400 2884 209 908 49 373 
868 3122 605 3583 3331 577 311 1933 3471 3598 1626 3898 2686 1471 1450 2675 
869 2501 3713 2970 346 1655 1202 922 648 3260 225 1023 3292 214 1075 1322 
870 3396 94 1577 17 1087 2485 1454 3797 2924 310 623 1833 1978 1122 3076 
871 650 2066 2898 2854 3686 3705 340 390 2432 2150 41 2552 2726 2136 458 
872 3185 919 2300 2795 400 745 3984 3128 1 259 2760 2628 1530 2215 2984 
873 2340 3753 2210 2590 2651 3926 235 1703 1085 3305 738 3704 2496 3555 242 
874 591 1140 1274 2568 2328 2500 1322 3966 3584 833 1202 2517 151 4054 2861 
875 3456 2033 1894 2222 1107 3316 3718 2544 2361 2845 3358 3736 543 1339 3191 
876 145 2504 2084 1900 993 2197 2882 2911 3135 1265 2171 3677 2921 3473 1859 
877 1199 32 1574 461 3845 3587 2840 480 3454 664 1736 850 2082 2408 4065 
878 2709 2293 522 2608 1398 2635 3453 3541 3830 2650 1225 546 2298 3114 739 
879 1228 3733 1477 215 3218 1280 261 1885 3228 3052 2871 1958 1332 287 2413 
880 440 2965 2940 305 2611 37 1148 405 3685 510 888 3079 2103 3963 2365 
881 2850 913 2521 1912 3011 3449 1563 3443 1366 816 509 1217 3774 2483 2374 
882 396 1346 2346 1257 1127 2900 2902 3861 484 2334 3109 3890 761 2170 1518 
883 1308 398 2623 3960 268 3707 1059 3225 611 3251 3018 3668 982 3625 3620 
884 2927 2157 2260 1495 3565 2817 2187 1647 180 356 3709 928 3051 2344 2630 
885 1416 2944 3429 1727 953 2169 423 697 3488 3689 3578 2695 1244 1448 455 
886 512 3636 1425 1817 2995 202 2278 188 1792 2172 1601 1109 2774 1043 2179 
887 1728 571 229 169 2992 2633 2128 583 231 992 1157 1300 7 3002 3134 
888 2940 1148 405 440 2965 1129 2945 3079 880 305 2813 3723 615 2611 726 
889 2315 1994 81 338 3834 2046 2176 1311 2554 1406 1853 2470 1151 2495 2095 
890 168 3221 3989 2133 2505 1840 3319 2922 3549 3398 3696 1294 158 2947 1355 
891 3811 2979 808 3680 3751 2789 1123 13 3884 584 4072 3921 3480 4023 88 
892 3972 1570 949 1772 2199 3952 326 1317 2149 2644 1386 1748 3254 3273 3511 
893 1714 1029 1546 1357 1942 77 1410 368 2152 3964 2533 2558 1882 1468 3310 
894 1910 574 471 2044 200 3879 2588 659 1996 3117 3063 1192 67 1469 3107 
895 2382 1376 1230 59 1826 2519 409 2880 1198 1925 3580 3977 29 1665 1490 
896 65 1854 2259 2516 1849 2522 3670 2664 2020 787 2050 2299 3159 205 2425 
897 1428 1897 3526 3138 3894 3188 2629 3611 3379 1388 3906 3055 945 2329 607 
898 2153 160 3020 2088 3392 3358 989 2809 2642 2549 1894 875 3316 1800 1709 
899 630 81 1920 2379 1862 1038 3834 1434 2919 3293 1023 585 3673 3527 3873 
900 1235 2852 198 345 3460 3982 282 2746 1174 2775 3959 3633 2727 764 430 
901 406 2349 1833 2909 3054 17 94 1354 1832 2031 2661 3181 2307 2876 1978 
902 1762 1361 2029 424 1423 597 2324 1690 3062 144 446 2810 196 3126 1338 
903 1663 3365 2707 2671 2610 2740 1534 2276 1266 1907 2102 2391 995 1441 2354 
904 844 3268 1496 2342 2572 1634 1839 2138 1715 91 1357 3883 2983 3310 3417 
905 3907 1720 1514 3384 3821 2928 1007 521 391 1526 3389 2727 4090 1517 1204 
906 3508 2875 2977 2235 203 3539 3750 1986 3050 3023 3390 2250 4080 3925 3334 
907 3123 707 2900 1245 3861 1690 2396 2127 433 2641 396 761 2346 2560 3109 
908 3555 2401 1850 738 98 3363 2658 3377 276 911 3704 2200 1918 3753 3830 
909 2959 3500 3819 3706 1935 1961 3633 3460 2775 2421 3073 1630 2764 1235 125 
910 3156 865 1342 1917 838 3554 315 2847 4002 1117 2030 2964 1061 3059 2730 
911 49 867 1850 908 3377 3555 135 2658 2401 2105 2713 3363 2884 3753 2416 
912 3047 2983 435 2243 3803 3509 30 1754 3155 1249 1634 796 1062 1647 124 
913 3011 1366 881 2483 2850 2374 3449 732 1217 2521 1426 509 246 1912 3774 
914 1831 2916 1671 1631 582 6 3606 3950 3105 118 3722 3119 3244 1155 1983 
915 825 3033 1003 2295 4033 2512 3425 1909 4006 761 1928 1506 3452 2230 657 
916 2794 1664 972 2706 1319 3739 163 2493 3864 1203 647 1031 1934 1387 3089 
917 3347 3821 1408 1442 627 393 3389 1517 1497 358 1105 446 1526 3768 2696 
918 1270 2294 736 3162 1380 3530 142 3270 3765 3434 491 1008 3372 3275 806 
919 3185 872 810 745 3984 2795 400 164 2957 2300 839 2215 2920 3529 2628 
920 2004 547 531 2403 1830 3507 2654 1548 1790 3903 3816 468 3635 718 743 
921 538 1627 708 1063 1844 127 3769 3182 843 3701 101 659 10 441 2296 
922 1075 214 2729 1023 1944 225 3260 2328 3713 869 3584 2501 2970 1274 1202 
923 601 1674 1813 4082 1462 3472 3447 21 3217 3862 2895 4040 2676 3566 66 
924 1117 3603 2030 106 3731 1950 1424 152 1112 3156 1160 1099 795 364 2237 
925 2186 3471 2370 1419 578 2123 2038 1293 3331 3474 2273 4031 3122 2063 693 
926 675 2302 1131 2766 252 2486 1066 86 2456 1783 1321 3271 1083 2784 182 
927 1751 312 419 2283 3178 3604 181 1325 766 1065 2702 3546 3990 555 1056 
928 1986 3450 2250 1923 713 3387 3539 2817 1635 2187 973 3351 203 3326 1283 
929 2757 3367 167 3852 3916 1487 1692 2255 1481 1995 4017 1911 1417 2482 482 
930 610 3403 2770 2581 2769 148 3083 2360 3619 2548 3528 639 2437 969 1896 
931 629 140 1158 2830 3913 2459 3356 2446 608 3933 1970 1474 4049 3996 1132 
932 676 2148 3421 2558 1948 1620 2533 2885 1496 3854 2678 2377 3417 3457 1357 
933 2177 2893 619 3698 2481 153 467 770 3825 3096 4062 2040 1039 2220 2451 
934 3425 4033 3452 3235 2001 1865 2803 761 1525 330 646 1127 1259 852 57 
935 2914 964 759 3067 2167 3740 2550 1915 3579 79 2168 2 2666 558 3849 
936 1260 1251 1807 2478 3692 3010 3691 634 2057 3817 2191 2178 544 3909 4060 
937 984 1529 285 957 3901 3173 3938 4054 3700 3591 550 3607 206 1310 1279 
938 2076 1980 758 2463 397 684 20 3859 515 1186 2373 1297 1022 1955 602 
939 1200 3390 760 740 2235 2262 2802 3261 1155 2986 2336 704 1188 3412 2578 
940 40 2467 1786 369 3901 3874 952 3267 1006 1351 3688 157 1988 2055 179 
941 2118 3470 2772 1446 2126 1143 2112 128 680 1852 1114 3364 794 3728 1877 
942 4018 322 2271 3311 1355 2947 565 1819 2461 1583 3787 3624 829 3044 3843 
943 989 1573 2646 3360 2869 2487 1685 1777 3595 3490 2361 64 620 1709 983 
944 105 3691 544 988 2021 3540 1260 2603 1379 3999 2867 936 634 3928 2178 
945 3906 3189 1388 2329 3138 3104 3526 607 1154 807 1897 2448 576 897 2016 
946 2508 1451 3212 2649 355 2861 1657 1322 1058 648 1326 741 2525 3247 151 
947 3307 1436 1365 3053 1017 1554 2584 674 2231 1307 3297 2634 781 1972 826 
948 2791 3981 2741 655 2471 3243 2362 1649 4034 706 2184 2017 2163 1689 3277 
949 3952 892 3972 1772 1317 2199 1386 3511 1570 3727 3273 326 1163 3046 1006 
950 1582 2284 3466 1902 3566 4040 335 1214 1813 1674 3614 3630 2701 4028 2680 
951 3557 1401 3631 178 643 3773 3182 1624 1013 1411 71 4063 2541 1009 4036 
952 1656 157 2467 3901 3874 1651 937 940 1351 3688 556 1415 1279 550 1786 
953 423 697 3488 885 1727 1567 3689 3006 3639 3578 3402 1416 3429 2338 364 
954 742 579 2313 3028 1633 2288 665 1735 1467 485 2032 2684 1205 2049 3374 
955 2999 2042 1043 2207 2613 1109 1817 2823 1535 804 3763 1911 359 512 2491 
956 2609 273 535 3064 3601 3750 3654 395 3925 1668 3208 488 3348 2689 2047 
957 4054 984 285 3938 3966 937 2568 3920 1529 3607 1310 3700 2517 3635 3591 
958 3085 351 1281 3058 824 3166 4027 3683 694 3844 1668 2267 1878 507 3608 
959 3848 1215 3382 1936 546 3615 136 2951 688 3165 2241 1782 2695 1867 1398 
960 5 1219 112 2855 3097 3224 1895 3783 3618 3994 1111 866 1363 332 1520 
961 727 1292 3093 346 4056 1655 1156 28 4057 308 1523 1476 3013 460 2495 
962 2932 3793 367 613 1806 1030 710 515 3003 349 20 1330 2896 640 3299 
963 1681 2006 3571 3613 2598 2101 1876 3263 1834 746 2835 1433 2768 1584 162 
964 2550 2167 935 759 2 2914 79 2168 3579 1621 3067 2913 161 598 3740 
965 1164 1920 1507 1288 2256 621 3856 779 585 1033 225 23 3697 2348 3716 
966 1868 1466 1776 2963 2866 805 1191 3818 3657 1299 3531 3885 3559 286 3060 
967 4073 434 1356 3902 3005 2059 456 1645 3703 715 2905 3409 1947 177 3385 
968 3451 1482 381 3567 2477 10 4 3858 3521 2801 2943 228 3649 4020 3301 
969 2770 148 3312 25 3332 610 3990 1325 2509 3206 930 186 3840 2080 2040 
970 2164 2419 1861 1380 1933 267 1652 2213 3765 1943 3162 475 781 3413 577 
971 3815 2527 2873 3343 3851 280 2201 3046 1135 104 1742 2416 3899 1092 2765 
972 2794 3739 916 3089 2493 1319 1664 1203 519 2706 1384 1934 604 647 1387 
973 1635 713 2267 3387 3536 1283 2250 1281 1923 4027 3442 3085 395 689 3326 
974 2737 404 446 144 433 1105 3139 2748 3609 150 2453 393 2956 2236 1408 
975 2771 2081 3597 1921 1808 3544 514 3340 775 2423 1599 341 1701 1343 765 
976 1236 3833 3675 791 3432 159 1960 1032 243 2544 117 3153 2394 3092 721 
977 2384 1197 2648 3941 1463 2750 2717 2615 615 1129 1172 2430 1011 3570 165 
978 2961 1334 2212 1210 3980 1258 3789 2354 2839 2707 2740 2129 2448 3827 2808 
979 2889 786 1180 85 62 2796 1551 3012 3648 2553 817 3489 2130 1997 1764 
980 2821 2668 864 3999 2021 528 105 2960 2603 313 3200 3540 3936 2799 3523 
981 2489 1673 1240 3900 624 1345 2046 3255 4009 2495 191 1523 3573 2272 3847 
982 1059 268 3775 1991 3225 3707 2623 3625 466 1308 560 788 2125 3564 3426 
983 64 12 3723 3532 2750 2717 2487 3941 115 2648 405 305 3079 2869 3595 
984 285 957 1529 937 3173 3700 4054 3966 1344 3920 3591 3938 1310 2568 3901 
985 2472 2292 3281 4010 138 1016 2966 87 1587 2321 2298 257 2638 1115 700 
986 319 3724 2238 3781 678 2143 3877 2511 3458 1737 2436 2997 3823 636 2599 
987 3342 2204 749 1190 408 837 1805 1708 311 2038 3759 3809 2331 3183 3475 
988 944 3691 544 1379 105 769 3540 1260 2191 3928 2021 2444 936 241 3652 
989 943 1573 3360 2646 1777 2869 1685 1709 2487 3020 1894 2153 3490 875 2361 
990 1947 177 3703 1432 967 3102 434 1304 2398 1803 3005 4073 3362 3902 1600 
991 1189 2003 2987 4041 1349 1680 2070 2074 3512 3412 2015 2188 822 1999 692 
992 2935 3134 2326 1728 3826 3414 2992 233 141 1557 34 1371 229 449 1221 
993 1265 1900 145 876 2171 2197 2921 2084 2504 3135 2882 2911 4095 272 1339 
994 3785 785 485 3262 579 232 954 362 2288 2527 2684 304 2313 2409 3028 
995 2276 2610 1045 3611 1026 1919 3379 3365 414 903 1603 548 278 2811 607 
996 1161 1137 3714 2632 274 3676 2587 3841 3077 1149 3947 2075 1456 2976 1840 
997 705 3124 3800 482 696 445 1417 2246 1481 1683 3763 380 1425 2255 1929 
998 2894 372 3323 2719 1348 3598 3430 2805 577 1074 3948 2763 2675 1721 2069 
999 4057 1156 751 28 680 3093 3767 2118 3248 4088 2126 1877 4056 1100 1143 
1000 2769 1706 3619 639 773 3546 628 1896 2881 2307 580 2454 610 3117 2833 
1001 2420 1134 2653 1661 1116 653 1201 160 1883 847 3693 469 3939 622 2289 
1002 3531 1702 2482 4017 3955 2381 1995 3657 1958 2866 3916 1885 805 1697 1280 
1003 2295 825 915 3033 387 4006 4033 2807 761 1518 1531 1506 3660 2822 3861 
1004 1924 2596 1767 1846 3072 1222 1926 1542 379 1299 2061 666 525 1391 2428 
1005 3799 451 1223 506 2937 3948 4081 1295 2950 1750 318 2137 1887 227 3946 
1006 1707 1163 1772 3688 1786 40 2055 3267 1988 3084 2528 3952 3590 892 2467 
1007 2764 3907 595 1514 1720 2491 2727 905 2928 1935 3384 1961 1535 909 2959 
1008 806 1993 142 1196 1270 3372 2679 736 22 2677 1741 3393 4013 3133 290 
1009 4036 2225 3773 71 2541 178 3631 1473 2690 4042 4063 1538 1646 330 1259 
1010 56 2939 3039 248 2145 2566 1756 3865 1501 1320 567 2195 530 632 3641 
1011 1891 219 3177 2094 2363 595 3495 2491 165 1197 3500 4091 1086 2952 2647 
1012 116 3422 3144 3790 3179 328 1684 1977 4064 38 830 3504 3468 596 4004 
1013 1411 3238 2872 1401 3557 951 3024 1624 643 4013 3752 2462 178 2677 1063 
1014 3897 489 3522 3275 4043 3220 1382 549 3282 1271 1730 1652 1013 142 75 
1015 2556 1090 2629 2098 3193 3188 3786 3055 2117 2523 1069 1897 3804 2981 2779 
1016 2966 2638 1412 985 2783 1587 2472 2722 257 2688 687 87 316 3281 776 
1017 1365 43 947 2231 1500 1972 2584 208 3681 1554 3307 1436 2460 3354 3297 
1018 2106 3186 587 3325 3579 437 355 2508 306 3349 2263 1350 1229 1552 1455 
1019 1528 3401 813 1101 1028 2826 690 2692 1892 3559 401 464 1976 744 1167 
1020 3265 828 2291 134 221 3515 4035 679 2234 3318 1670 2145 1320 2782 1096 
1021 2233 593 3622 734 3007 3759 3899 3720 104 408 2499 1042 3130 52 3956 
1022 2604 2146 1297 2580 1488 2076 515 2670 349 758 3440 938 3701 61 3031 
1023 214 922 1075 210 3292 2970 1904 2729 2501 2252 3293 490 869 346 3260 